0.05551397
0.04021382
0.03392397
0.03426804
0.03264064
0.02778794
0.02422017
0.02922912
0.02432741
0.03005522
0.02461595
0.02218557
0.02195374
0.03168066
0.02763826
0.0298319
0.02014305
0.01862286
0.01935429
0.02006573
0.01719577
0.01541945
0.01666941
0.01494372
0.02285517
0.01638791
0.01349481
0.0184831
0.02060485
0.01829345
0.0166588
0.01608353
0.01387159
0.01727311
0.01454947
0.01467921
0.01268269
0.01181608
0.01350658
0.01363577
0.01585794
0.01496081
0.01704813
0.01676017
0.01515713
0.01594025
0.01464348
0.01116924
0.01419329
0.01402039
0.01669589
0.01715002
0.01761576
0.01291139
0.01361954
0.01668459
0.01737
0.01572976
0.01687264
0.01599663
0.02405159
0.02774485
0.02975487
0.02341057
0.02032136
0.01647631
0.01668645
0.01676207
0.0162289
0.01834778
0.02557475
0.02640044
0.0217029
0.01626337
0.01559093
0.01489574
0.01686614
0.02167437
0.021724
0.01710845
0.0166476
0.01533511
0.01610884
0.0166605
0.01463999
0.01246474
0.01699783
0.01699634
0.01327757
0.01405498
0.0147674
0.01196727
0.01278688
0.01254852
0.01437716
0.02051446
0.01672379
0.01451086
0.01811913
0.01481682
0.01588425
0.017761
0.01937403
0.0171088
0.0174029
0.01653905
0.01401979
0.01343711
0.01340299
0.01321837
0.01402478
0.01855712
0.01714493
0.01836329
0.01972983
0.01720596
0.0162019
0.01921724
0.01940567
0.01468192
0.01928078
0.0150495
0.0200987
0.02056954
0.01666439
0.01975578
0.01618465
0.01788928
0.0136005
0.01342134
0.01745552
0.01415038
0.0140125
0.0165336
0.0151663
0.01431876
0.01866304
0.01602911
0.01352474
0.01356679
0.01563106
0.01870642
0.01699267
0.01440282
0.01357675
0.01387235
0.01594051
0.01871748
0.02558631
0.02702886
0.02320381
0.01947806
0.01533754
0.01739595
0.01716428
0.01651123
0.01546263
0.01519841
0.01578398
0.01430185
0.01721907
0.01629875
0.01758921
0.01490044
0.01098772
0.01165839
0.01839339
0.01825238
0.01544291
0.01549609
0.01769395
0.01569883
0.01464634
0.01458358
0.01299447
0.01799153
0.01570996
0.01866166
0.0215213
0.02046729
0.0190389
0.02179379
0.0232617
0.02393717
0.02777984
0.02383798
0.02258792
0.02080294
0.0228347
0.01798557
0.0211443
0.01783132
0.01658034
0.01472039
0.01306701
0.01483031
0.01617292
0.01396621
0.01642783
0.01306589
0.01594303
0.01656172
0.01659322
0.01953752
0.01808646
0.01494278
0.01613328
0.01762401
0.01970512
0.01850069
0.02148173
0.01694363
0.01783393
0.01452554
0.01742908
0.01796807
0.01915669
0.01733982
0.01885591
0.02006182
0.02421634
0.02510482
0.02366841
0.01911656
0.0172385
0.01951648
0.02127355
0.02172355
0.02296262
0.01524252
0.01554001
0.01418897
0.01563612
0.01408947
0.01733436
0.02081412
0.02471952
0.01934886
0.01795534
0.01706784
0.01634238
0.01531098
0.01922804
0.01525144
0.01714551
0.01954342
0.01658698
0.01709161
0.01783098
0.01512296
0.01392163
0.01410809
0.01680207
0.01388466
0.01590599
0.01479747
0.01291235
0.01251003
0.01359655
0.01386486
0.01560604
0.01835094
0.01976096
0.01402924
0.01236277
0.01252313
0.01181551
0.01353184
0.01429117
0.01525018
0.01865836
0.01523585
0.01463169
0.01261214
0.02063312
0.01884288
0.01353754
0.01514761
0.02042821
0.0166449
0.02014144
0.01870497
0.02171542
0.02418799
0.02099957
0.01698861
0.01595808
0.01526727
0.01158733
0.0125908
0.01397749
0.01410724
0.01134222
0.01320972
0.01407587
0.01483028
0.01252834
0.0127444
0.01373607
0.01487443
0.01449186
0.01415957
0.01678151
0.01709248
0.01848175
0.01753136
0.0131677
0.01451007
0.01400149
0.0144498
0.01924331
0.01711378
0.01658806
0.01420854
0.01568601
0.01459527
0.01473758
0.01924503
0.02004103
0.02212228
0.01892705
0.01878651
0.01617562
0.01497599
0.01389661
0.01270393
0.01420011
0.01527216
0.01673258
0.01671184
0.01576097
0.01465387
0.01357977
0.01490535
0.01416439
0.01775657
0.01900788
0.01913671
0.02059068
0.0232152
0.02371306
0.0229245
0.02003282
0.02011899
0.0173445
0.01287507
0.01554415
0.0133765
0.01478888
0.01676248
0.01611525
0.0152795
0.01774789
0.01531495
0.01476293
0.01491456
0.01696528
0.02016827
0.01572141
0.02047179
0.01992551
0.02255804
0.02275605
0.02002089
0.01862903
0.01934355
0.02356573
0.01922331
0.01636314
0.0195385
0.01642807
0.01819281
0.01793447
0.01516698
0.01523154
0.01538194
0.01724372
0.01426892
0.01586189
0.01239738
0.01388686
0.012551
0.01453718
0.01591861
0.01711719
0.01450372
0.01782127
0.01751784
0.02055623
0.01829394
0.02598511
0.02503866
0.02440583
0.02372558
0.02080017
0.02155771
0.01987768
0.01464733
0.01324995
0.0146979
0.02003168
0.0185178
0.01864136
0.01876299
0.01846926
0.01881777
0.01543229
0.01510497
0.01468089
0.01320411
0.01589725
0.01582311
0.01531007
0.01768997
0.01996291
0.01756563
0.01575534
0.01604849
0.01295648
0.01794737
0.01350117
0.01464614
0.01654422
0.01840264
0.02389255
0.02256355
0.01704332
0.01551153
0.01817291
0.01782973
0.0175344
0.01880502
0.01949792
0.01849937
0.01292514
0.01099758
0.01143252
0.0161425
0.01643468
0.01692543
0.01657748
0.01960254
0.01855769
0.01390459
0.01436079
0.01756984
0.01508778
0.01496103
0.01430134
0.01200999
0.01204003
0.01524297
0.01278689
0.01396345
0.01352659
0.01615791
0.0164792
0.01516511
0.01268073
0.01386435
0.01406131
0.01296101
0.01437876
0.01852597
0.01883893
0.01926824
0.01996352
0.01844383
0.01786236
0.01889971
0.02008155
0.01917457
0.02111534
0.02059546
0.01715011
0.01916281
0.02009453
0.01737362
0.01892497
0.02006987
0.02051901
0.02026769
0.0157043
0.01284866
0.01481029
0.01849076
0.01978938
0.02257882
0.02274184
0.02329219
0.02171104
0.01971858
0.01870882
0.02006244
0.01986483
0.01874599
0.02245011
0.02271343
0.02234809
0.02821785
0.02881963
0.02310355
0.02315
0.02090322
0.01763919
0.01779655
0.01694839
0.0158306
0.01550077
0.01437995
0.01839973
0.0161345
0.01342121
0.01328001
0.01738413
0.01839664
0.01927748
0.01784227
0.01853713
0.01982816
0.01485323
0.01493532
0.01637081
0.01501948
0.01543743
0.01754521
0.01773745
0.01649061
0.01901335
0.01516964
0.01743464
0.01771258
0.01510603
0.01504198
0.01694094
0.01398416
0.01360711
0.01077711
0.01270537
0.01219221
0.01541737
0.01807885
0.01646552
0.01579083
0.01379197
0.01436569
0.01578829
0.016512
0.01703364
0.01895283
0.01818031
0.01778553
0.0196868
0.02193878
0.02049102
0.01612138
0.01658024
0.01784045
0.0209371
0.02666352
0.02633463
0.02094492
0.01805553
0.01721251
0.01662377
0.01741845
0.01475657
0.01792615
0.01931003
0.02015771
0.01801896
0.01683225
0.01716379
0.01705728
0.01617415
0.01588551
0.01753597
0.02055844
0.02418996
0.02218563
0.02359225
0.02250021
0.0241449
0.02160018
0.02001572
0.02097515
0.01811739
0.01980725
0.01746095
0.02108368
0.01713772
0.01841898
0.01424898
0.01413944
0.01293467
0.0122095
0.01678115
0.01294939
0.01183818
0.01405513
0.01745513
0.01677561
0.01539521
0.01613289
0.01709274
0.01609603
0.01798208
0.01658148
0.01483593
0.01730002
0.02160252
0.01577015
0.01266307
0.01679495
0.01688516
0.01459152
0.0172971
0.01501494
0.01499858
0.01246042
0.0123471
0.01278774
0.0112662
0.01475803
0.01595135
0.01653391
0.01547554
0.01357071
0.01031455
0.01681918
0.01209087
0.01612739
0.01769137
0.01587084
0.01321295
0.01311453
0.01735462
0.01896492
0.02053001
0.02011689
0.01852881
0.0174616
0.0200543
0.02153587
0.01991258
0.01654673
0.01555514
0.01211479
0.01341345
0.01398672
0.01178527
0.013764
0.01567636
0.01353183
0.01319011
0.01247146
0.01361031
0.01548219
0.01633565
0.0190958
0.01455489
0.01625972
0.01580791
0.01142139
0.01480362
0.01440524
0.01743091
0.01356556
0.01352463
0.01632732
0.01778289
0.01722883
0.01534133
0.01353237
0.01207752
0.01171249
0.01454273
0.01945276
0.01891622
0.01919969
0.01917026
0.01509181
0.01380013
0.01382732
0.01276451
0.01491912
0.01580108
0.01167378
0.01537097
0.0163456
0.01586287
0.01511709
0.01737589
0.01860028
0.0204403
0.01602771
0.01664412
0.01417296
0.01297834
0.01030516
0.0122917
0.01693936
0.0178657
0.02093737
0.02014131
0.01979657
0.02258942
0.0178831
0.01822413
0.01424895
0.0143175
0.015776
0.01554441
0.01915707
0.0195092
0.01867607
0.02099048
0.02092818
0.01809698
0.01913823
0.01507124
0.01353177
0.01513731
0.01295832
0.01336906
0.01399762
0.01131339
0.01179615
0.0135181
0.01408848
0.01831621
0.01406373
0.01485008
0.01479658
0.01662773
0.01584721
0.01497302
0.02530628
0.01865049
0.01342748
0.01220506
0.01147579
0.01449908
0.01654658
0.02091712
0.02632897
0.01782592
0.02048795
0.02213588
0.01776609
0.02173449
0.02290787
0.01910136
0.01877724
0.0174119
0.01897944
0.01791356
0.01735653
0.01741494
0.01635037
0.01748399
0.01424015
0.01389847
0.01304874
0.01334667
0.01737008
0.02016198
0.01756481
0.01605494
0.02075677
0.01986764
0.01819325
0.01891706
0.01499228
0.01463168
0.01300232
0.0161348
0.01771228
0.01626618
0.01480097
0.01777863
0.01572753
0.01283464
0.01145747
0.01152069
0.01463652
0.01710268
0.01870607
0.02191077
0.01953368
0.02094456
0.01843875
0.01399015
0.01362502
0.01280536
0.0133074
0.01409588
0.01374645
0.01454467
0.01533799
0.01153734
0.01723161
0.01831896
0.02124725
0.01847246
0.01946672
0.0226158
0.02158765
0.01936436
0.01592135
0.01797044
0.01690209
0.02202693
0.02126363
0.01639006
0.01676418
0.01609548
0.01494737
0.01610056
0.02106222
0.01705747
0.01553778
0.01861989
0.0186289
0.02020866
0.01897983
0.02086919
0.0187218
0.01744575
0.01558791
0.01718445
0.01492709
0.01367103
0.01351432
0.01876093
0.01777972
0.01560685
0.02240107
0.0186195
0.02056927
0.02094932
0.01868732
0.02012485
0.02065971
0.01952961
0.0209437
0.01933221
0.02084358
0.01623164
0.01361185
0.01209967
0.01557136
0.01901941
0.02036944
0.02024376
0.0188287
0.01908103
0.01528119
0.01849883
0.01582577
0.01692187
0.01489736
0.01356984
0.01780333
0.01492402
0.01424586
0.01457518
0.01334761
0.0145206
0.01525106
0.01645009
0.01688432
0.01431749
0.01426792
0.01327015
0.0138271
0.01539004
0.01490402
0.01427227
0.01586377
0.01591824
0.01473179
0.01528147
0.0171586
0.01786445
0.01668448
0.01465666
0.0177848
0.01951662
0.02029274
0.02449342
0.02371576
0.02022404
0.01869426
0.0175058
0.01908163
0.02292232
0.01882039
0.02061502
0.02010292
0.02198654
0.01774125
0.01654111
0.01722869
0.02014314
0.01547837
0.01574104
0.01503934
0.0153017
0.02051129
0.01794073
0.01657734
0.02166322
0.01967285
0.01619206
0.01373933
0.01454263
0.01632868
0.0158079
0.01576202
0.01942486
0.0137415
0.01442612
0.01765115
0.01681983
0.01541331
0.01702886
0.01642423
0.01758174
0.01955896
0.01857356
0.01608696
0.01631848
0.01297487
0.01590331
0.0146369
0.01424152
0.01576558
0.02279932
0.01839404
0.01652476
0.02074956
0.02395167
0.01836654
0.02235364
0.01893702
0.01686857
0.01675892
0.01485037
0.01356545
0.01287653
0.01684163
0.01529839
0.01834545
0.02072598
0.01322628
0.01379856
0.01833594
0.01885098
0.01587172
0.01271333
0.01550015
0.01640936
0.01474595
0.01398379
0.01456839
0.01476446
0.01662339
0.01738465
0.02319996
0.01989787
0.01842975
0.02038238
0.02426715
0.02161451
0.0161786
0.01866617
0.02154277
0.01989794
0.01952698
0.01867286
0.0198973
0.01653895
0.01963156
0.01751272
0.0205699
0.01716873
0.01662229
0.0152295
0.01569723
0.01759268
0.01408682
0.01505748
0.01323049
0.01210521
0.01545962
0.01771678
0.01777679
0.01356145
0.01403932
