0.05393506
0.08188824
0.1088052
0.1604105
0.1275185
0.14918
0.1316448
0.1478831
0.1473513
0.1463784
0.1799197
0.1281261
0.09073134
0.1196437
0.1204065
0.08694776
0.0915904
0.1064328
0.1367968
0.1196862
0.12225
0.1263168
0.1552646
0.1270845
0.1016815
0.0726587
0.1045929
0.1716411
0.1163019
0.1496104
0.1290671
0.139588
0.0986334
0.1379211
0.124394
0.1688878
0.1473399
0.154036
0.1917475
0.1329394
0.161492
0.1413615
0.1470118
0.1506842
0.14124
0.1115087
0.1406114
0.1432623
0.09440486
0.09473654
0.1296726
0.07932862
0.08251106
0.1074355
0.1392639
0.08442463
0.08851386
0.1300337
0.1108308
0.08756715
0.07794213
0.07764369
0.1059777
0.1814987
0.1318469
0.1089603
0.1091057
0.1531516
0.1272383
0.1845084
0.1458544
0.186699
0.187521
0.1694903
0.2046593
0.1693938
0.1334942
0.09980887
0.08886752
0.1010861
0.0932865
0.06602659
0.06650385
0.05874586
0.05239041
0.05842427
0.05963893
0.07318854
0.05924963
0.06320453
0.08451335
0.07449708
0.07314611
0.0997365
0.1081426
0.08212568
0.07443202
0.05119954
0.06383969
0.0516181
0.08122363
0.08515959
0.09002645
0.07864273
0.05411648
0.04658353
0.0394275
0.03618682
0.04131183
0.04950245
0.04447147
0.04266659
0.05439965
0.05775324
0.07267614
0.1047186
0.1010285
0.07446471
0.05876337
0.05871721
0.04367625
0.0544369
0.05131954
0.038654
0.0333135
0.0289336
0.02095956
0.01359092
0.01380315
0.01635547
0.01266797
0.01758365
0.02209803
0.01537621
0.01267236
0.01198242
0.0233363
0.02705131
0.0185274
0.01350243
0.01206819
0.01441793
0.01370225
0.01739653
0.01526608
0.01428943
0.02229585
0.01895162
0.01758139
0.03915856
0.04197905
0.04940048
0.03135566
0.02984673
0.04196057
0.03340043
0.02979775
0.02413673
0.0170572
0.02549658
0.02976158
0.02746745
0.03016378
0.04539458
0.03768579
0.04099633
0.09424065
0.06792637
0.06318222
0.06071083
0.04422439
0.0399725
0.03981508
0.04170946
0.0522896
0.03582297
0.04325129
0.0415993
0.04369512
0.03778613
0.03475354
0.02704548
0.02805346
0.0216296
0.0194232
0.02779306
0.03333362
0.02630193
0.02474254
0.01975365
0.02468438
0.02476914
0.03408958
0.02161457
0.03288277
0.02895536
0.05468945
0.03506823
0.01962594
0.02432146
0.03232485
0.04873405
0.04319707
0.04815834
0.0510027
0.04579558
0.06679003
0.03935626
0.03448375
0.0295105
0.02926841
0.03026715
0.02829513
0.02003185
0.03598154
0.05237846
0.06257594
0.08094856
0.07422058
0.06366568
0.05193605
0.05534298
0.05497166
0.05098945
0.04226503
0.04408984
0.05393291
0.04253323
0.0579857
0.04989356
0.05316797
0.05226196
0.05992098
0.04886554
0.07488644
0.09962282
0.06893532
0.07630275
0.08887609
0.08228748
0.06788884
0.06949855
0.08515567
0.09141518
0.09700369
0.0804939
0.09389302
0.1031467
0.07472248
0.07361432
0.05885878
0.05484076
0.05137534
0.09298083
0.07137595
0.08059137
0.08342935
0.06715651
0.1024404
0.1433654
0.0728963
0.08140093
0.07263249
0.0659692
0.06058136
0.06869394
0.06011205
0.07220433
0.07370082
0.07713835
0.08542638
0.08045355
0.140223
0.08171823
0.07683363
0.1566382
0.1085972
0.1525438
0.1098928
0.08770133
0.06446096
0.04713874
0.06293046
0.05723296
0.06746827
0.09071732
0.1357042
0.1396304
0.1231252
0.1274202
0.09631982
0.1321324
0.1103289
0.1420889
0.1113106
0.1625261
0.1305461
0.1271219
0.1334644
0.1419853
0.1226372
0.1002065
0.1487911
0.1256113
0.1101158
0.09074509
0.06720242
0.09886513
0.1045112
0.09319073
0.0719436
0.05166597
0.05605939
0.03703859
0.05649307
0.04309362
0.03329062
0.04611379
0.05086006
0.04234874
0.06115931
0.06504939
0.0694428
0.1030858
0.08623822
0.0882232
0.07550592
0.08580266
0.07958157
0.06570063
0.07058271
0.08993138
0.05359055
0.05506518
0.05705206
0.05708283
0.050588
0.06281139
0.04815956
0.08455676
0.05916065
0.05725101
0.0591049
0.06882424
0.07843784
0.115498
0.1169905
0.09161077
0.1167449
0.1310077
0.1122538
0.1372186
0.1471561
0.1696267
0.2093328
0.1927193
0.1833983
0.1532517
0.1453324
0.1798294
0.2607786
0.2322462
0.2063785
0.2690121
0.2675556
0.2294123
0.1780469
0.2407413
0.2026005
0.2088308
0.3098226
0.264866
0.1972036
0.2659391
0.1482127
0.1684501
0.1543925
0.1986435
0.2127372
0.1598247
0.273248
0.2899264
0.2745369
0.2298987
0.1942451
0.1740238
0.1600268
0.1550645
0.1837619
0.180284
0.1369004
0.1194874
0.1268196
0.1013703
0.1412257
0.06831921
0.08082722
0.06083461
0.05068002
0.06987289
0.05675118
0.05668302
0.07744133
0.05760993
0.05269795
0.06825992
0.05818989
0.03799961
0.05565013
0.0415778
0.035393
0.02429144
0.02353386
0.0186116
0.01751367
0.02359506
0.02084011
0.02184024
0.02061467
0.02197397
0.02697477
0.01957945
0.03358043
0.03468606
0.02991116
0.02807647
0.02376198
0.03327092
0.03361689
0.02487008
0.01935281
0.02140935
0.02169325
0.0200477
0.01130807
0.0124673
0.01382296
0.01508946
0.01937965
0.02076456
0.02480002
0.02479331
0.02496322
0.01583683
0.02752821
0.02343502
0.02287635
0.0235215
0.01863289
0.02276929
0.02765552
0.03260875
0.03476168
0.02943445
0.04260202
0.04074688
0.0646404
0.0494186
0.03093925
0.04304125
0.04686147
0.04746697
0.04675028
0.03387733
0.05327759
0.04012613
0.04783141
0.04471901
0.03858361
0.0347208
0.05189372
0.03307766
0.03940092
0.04300782
0.0448493
0.04145233
0.04863904
0.04153684
0.02937584
0.04204094
0.07062098
0.06977405
0.07360881
0.07992182
0.06785376
0.07408733
0.06730178
0.07709936
0.03961838
0.04379371
0.04155424
0.04415408
0.0562189
0.04783742
0.06146079
0.04697083
0.07227613
0.09287907
0.09277281
0.09737777
0.07925975
0.1059797
0.1642324
0.1075244
0.1283485
0.1189633
0.1103929
0.121946
0.1155248
0.08856511
0.09907047
0.08617587
0.1025942
0.1001383
0.1076226
0.08797644
0.1165624
0.1083215
0.06926076
0.08008958
0.07931396
0.08010831
0.0793884
0.07560682
0.07143382
0.08285863
0.07298325
0.07404694
0.09055451
0.06372544
0.05059968
0.05756598
0.04953712
0.0402523
0.03994778
0.04198216
0.06814553
0.06305569
0.04808067
0.04813302
0.05837033
0.04129191
0.03528942
0.03515457
0.05112579
0.0442307
0.03650957
0.03998519
0.03911178
0.05798713
0.05044928
0.0374229
0.06162754
0.06365734
0.05870452
0.04587506
0.04427381
0.03566423
0.04024841
0.04686343
0.03889388
0.05747608
0.08514628
0.1032791
0.1132598
0.1035299
0.1197088
0.1311237
0.1699712
0.1925534
0.2038525
0.1319162
0.1553396
0.1879324
0.1571567
0.1373184
0.1678572
0.1234421
0.1372219
0.1358623
0.1553096
0.1230943
0.1018625
0.07069012
0.1023169
0.09012215
0.09345146
0.08049157
0.08955327
0.1031718
0.08946879
0.06464336
0.056327
0.06503334
0.07301445
0.04958448
0.03651404
0.03222797
0.04994393
0.08157232
0.06708701
0.08348735
0.07102299
0.06074217
0.05577874
0.04409723
0.0323234
0.03485415
0.03741108
0.04121987
0.03911474
0.03944344
0.04157994
0.04205771
0.02430803
0.02594764
0.0209644
0.02699675
0.03329295
0.03938761
0.03143344
0.02609682
0.04895926
0.04455079
0.03765096
0.03927196
0.04452159
0.03469526
0.03599687
0.04161654
0.05510291
0.04858965
0.04560647
0.03469641
0.04223316
0.04064027
0.03395427
0.03350722
0.0310545
0.03347686
0.03099227
0.02017035
0.02523911
0.01665188
0.01482205
0.0101964
0.01281283
0.0172171
0.02317583
0.03362371
0.01803057
0.02654583
0.0141996
0.01466083
0.01614435
0.02633435
0.01868559
0.01710818
0.01519045
0.01348693
0.01784504
0.02236008
0.01351181
0.01197396
0.01562442
0.0152308
0.01527074
0.0183739
0.02039696
0.01166195
0.01242679
0.01011654
0.01088627
0.01752486
0.02281455
0.01593228
0.02417924
0.02479928
0.02190419
0.02282691
0.02679802
0.02765998
0.03694491
0.03336076
0.02670043
0.04946479
0.05364368
0.06718935
0.05372816
0.04786893
0.04572423
0.0312822
0.03029643
0.03406901
0.04757926
0.04334711
0.02484267
0.02226714
0.02169064
0.03547129
0.0385498
0.0344977
0.03333883
0.04502983
0.02617566
0.03407011
0.03217275
0.02675233
0.03369521
0.03980974
0.03931773
0.04020243
0.02973365
0.0411168
0.04458247
0.04159773
0.04614184
0.06947126
0.05373382
0.05555327
0.05688621
0.08767143
0.06111117
0.04341699
0.03735713
0.02998409
0.02449273
0.02439163
0.01445867
0.01485547
0.02116496
0.01392811
0.01684828
0.01179561
0.009066134
0.00896152
0.007927969
0.01055272
0.01272566
0.01799687
0.0178655
0.02561775
0.03994051
0.04229535
0.05850246
0.0419548
0.02837164
0.03991499
0.03604344
0.03018213
0.03633877
0.03702676
0.04285504
0.03802383
0.03118321
0.0268477
0.02520987
0.02259769
0.01963556
0.02916642
0.01820729
0.02608442
0.03351092
0.0327329
0.0303391
0.02625201
0.0222407
0.03024549
0.02723147
0.03338424
0.04369096
0.01856059
0.02225788
0.019697
0.02543122
0.05525604
0.05139278
0.04683419
0.02734686
0.02321504
0.03159337
0.03061153
0.04142123
0.03720513
0.03171985
0.04129579
0.05034403
0.06119743
0.05958012
0.08613332
0.08803708
0.07764565
0.09033978
0.1006612
0.1084443
0.08170962
0.101253
0.1157763
0.1316536
0.09195003
0.1209242
0.1300149
0.1294363
0.1133774
0.1366512
0.09038379
0.1066645
0.1129303
0.08593549
0.1134168
0.06641434
0.05378638
0.04316025
0.05982569
0.06216895
0.0685153
0.06367482
0.05111522
0.07592912
0.04850589
0.07795659
0.1003168
0.09120607
0.05452436
0.06167621
0.07813953
0.1018683
0.09086738
0.127867
0.130138
0.1422326
0.1245857
0.07692425
0.1086341
0.08165496
0.07438859
0.05804111
0.09985101
0.07222143
0.06640167
0.04786928
0.0552917
0.07819588
0.1032474
0.07532462
0.0817605
0.09542605
0.07839094
0.07495505
0.08457861
0.08150012
0.09471088
0.1113856
0.166014
0.1343214
0.1750099
0.2192837
0.248692
0.1776122
0.166465
0.1335725
0.1216144
0.1346645
0.1426699
0.1715569
0.1897997
0.1719833
0.1603249
0.1190301
0.137575
0.08486141
0.1082681
0.1180771
0.10877
0.1069112
0.09591443
0.08959713
0.08613077
0.08888218
0.06031038
0.04246855
0.05545636
0.09455445
0.0519064
0.07629376
0.08594107
0.08099464
0.0511801
0.06757196
0.07228409
0.08701359
0.08287485
0.08218613
0.08390559
0.07915816
0.0438556
0.03888732
0.03302967
0.02446296
0.02283703
0.02824153
0.02205501
0.02902301
0.04417051
0.03956366
0.04203626
0.04365057
0.0260922
0.02655472
0.02553678
0.03879721
0.04992868
0.04051758
0.03667401
0.04560322
0.03537328
0.035047
0.03049342
0.03511872
0.03098793
0.02770472
0.02350211
0.02059966
0.03838097
0.03194244
0.0437741
0.05374275
0.06410102
0.07245311
0.06022617
0.105694
0.08240929
0.0841318
0.09211838
0.09068213
0.0698922
0.08592681
0.07567094
0.05938147
0.05613434
0.0605572
0.097852
0.1107086
0.08732505
0.1062868
0.1561867
0.1737954
0.1857824
0.1462851
0.1372223
0.1299103
0.1486699
0.1407704
0.1218274
0.1685342
0.1365052
0.1190218
0.09165136
0.08379501
0.08587669
0.08779878
0.06974292
0.06448419
0.09945109
0.09648787
0.06459378
0.09221373
0.1000638
0.08047712
0.1290317
0.08274651
0.08420713
0.0771532
0.1185703
0.1077778
0.1529066
0.1537492
0.189903
0.1931652
0.1727315
0.1564015
0.1864031
0.2011902
0.1654187
0.1715733
0.2254836
0.1368388
0.2261087
0.1532815
0.1637251
0.2512992
0.1817593
0.209131
0.2289395
0.1953698
0.1719172
0.1445641
0.1414915
0.1641019
0.207011
