0.1545243
0.1470162
0.05489571
0.08579831
0.1522195
0.1903406
0.107065
0.1377767
0.03349263
0.06286252
0.05596677
0.1357371
0.0759379
0.3488062
0.09648899
0.1420725
0.1339831
0.1147409
0.06127149
0.07135066
0.1892668
0.2905288
0.09711704
0.1359344
0.07200842
0.06965203
0.1184544
0.06851136
0.0895635
0.1093897
0.2286854
0.09841924
0.1417746
0.3916801
0.09566723
0.04836083
0.0650372
0.04233446
0.115216
0.2539201
0.09416571
0.04217767
0.635624
0.1799301
0.04092778
0.07992599
0.05689206
0.2171525
0.07369164
0.0547705
0.1789318
0.1874599
0.1255877
0.03994867
0.1089395
0.09756166
0.04823116
0.6985504
0.1040711
0.05687286
0.1481776
0.1270502
0.08354993
0.1255636
0.05951353
0.07353786
0.08679745
0.1486928
0.1006787
0.09694858
0.07228269
0.05793552
0.1409363
0.06624415
0.07871035
0.2879343
0.06130853
0.06733228
0.06428677
0.07914255
0.07872042
0.06168267
0.06539353
0.1655256
0.04390234
0.09736878
0.1209863
0.09864517
0.1369487
0.07508914
0.1076079
0.2141546
0.1142928
0.1282576
0.1420904
0.07350683
0.1750735
0.1524916
0.07191239
0.08983878
0.1233743
0.3985326
0.1186738
0.06848499
0.1635546
0.08539449
0.09503226
0.0910163
0.06469856
0.07645552
0.1254459
0.09100045
0.08880564
0.08436789
0.07900284
0.05545775
0.05540308
0.1208125
0.07918209
0.06869908
0.09631159
0.05239328
0.04762666
0.04346555
0.04654028
0.1735335
0.1172541
0.0682652
0.1286379
0.07267102
0.2460099
0.08767371
0.07167171
0.1227417
0.1964507
0.1711056
0.03431185
0.1249937
0.04728045
0.07615745
0.05274474
0.05533552
0.1033706
0.08403018
0.05754204
0.0575937
0.08130082
0.08383137
0.0731925
0.07370684
0.1074469
0.07953038
0.1336875
0.0489257
0.06521045
0.330454
0.1094341
0.06425453
0.1320452
0.1804462
0.2065935
0.169463
0.1769567
0.1296182
0.07130584
0.1076628
0.1088134
0.04575924
0.07984989
0.06116425
0.04704311
0.08895301
0.131495
0.1342394
0.119663
0.1112623
0.1181502
0.1144597
0.1488146
0.1217035
0.1776107
0.09993252
0.1182133
0.09625353
0.1143045
0.08210527
0.1757773
0.1108487
0.1060555
0.2927855
0.08605427
0.1235109
0.06493047
0.05353688
0.1186028
0.1127908
0.1949864
0.1077343
0.279523
0.0613265
0.1298824
0.1184624
0.06692783
0.06343363
0.1249722
0.07924409
0.06956199
0.1528713
0.07736203
0.105118
0.1247897
0.1116731
0.1126452
0.06658973
0.04194912
0.07104117
0.2612077
0.07431105
0.09953954
0.1064457
0.08348873
0.06631538
0.09782194
0.03017336
0.1386684
0.07288227
0.1053657
0.2128684
0.2555498
0.06098223
0.1144305
0.1326213
0.08484822
0.06433534
0.0949208
0.2023002
0.1246031
0.09114732
0.125032
0.07764713
1.716612
0.1129712
0.1839512
0.2043722
0.250782
0.1165441
0.06892947
0.4387355
0.2324892
0.1820955
0.2724757
0.2250159
0.09526118
0.1177972
0.2553001
0.1064147
0.278492
0.1525941
0.09891604
0.09514476
0.3323296
0.1291761
0.1652069
0.1756988
0.3671337
0.3632444
0.2044463
0.05851918
0.1188126
0.1335504
0.2755615
0.2083417
0.2248591
0.1248885
0.106433
0.3055136
0.1313193
0.2168195
0.2061028
0.1571774
0.2120269
0.05743873
0.09578565
0.1028956
0.05785662
0.2493135
0.0944809
0.07350882
0.1138303
0.1246195
0.1198089
0.1194401
0.165031
0.1068654
0.1057146
0.08739184
0.1106429
0.258363
0.1267014
0.06955854
0.1170292
0.124722
0.06459582
0.4122617
0.1263747
0.1065753
0.1165641
0.3714997
0.1040297
0.03582311
0.1060258
0.0721521
0.07367046
0.08568493
0.1075143
0.5956813
0.08443579
0.09349001
0.03367149
0.09591768
0.1217072
0.2776326
0.4260886
0.1076794
0.1034633
0.1667169
0.1711717
0.1308344
0.1191013
0.07310884
0.1310995
0.1392974
0.09382344
0.2028363
0.1390967
0.04041716
0.09215781
0.06295897
0.1208829
0.185621
0.04772739
0.2225493
0.09751915
0.1187996
0.08689448
0.1426142
0.05769534
0.1419105
0.08444319
0.05132039
0.1371823
0.08805936
0.1511257
0.2090861
0.05802295
0.2521429
0.1932867
0.09796416
0.07372911
0.1208873
0.1889385
0.08112095
0.1134654
0.1253173
0.1238153
0.2386
0.15748
0.2216493
0.1101529
0.111478
0.08287831
0.1440691
0.1722039
0.04224312
0.05758793
0.1461136
0.1639478
0.4135765
0.0763091
0.1069633
0.1030621
0.1382099
0.1189224
0.09850479
0.2549102
0.05692009
0.04694586
0.08703725
0.1295576
0.1482535
0.1127846
0.1086076
0.06910598
0.1094532
0.1099797
0.1033232
0.09442853
0.2162274
0.3542714
0.06324108
0.04855416
0.1110504
0.1377908
0.06660363
0.03844794
0.0938661
0.04956049
0.09758584
0.04474438
0.1613078
0.1498076
0.08160971
0.2530779
0.08736225
0.05598665
0.1149099
0.1211664
0.1078079
0.1608652
0.1989942
0.2658226
0.3762653
0.1925208
0.09140661
0.1068078
0.09380048
0.05493415
0.08220587
0.08000808
0.1629358
0.3244673
0.1755821
0.08301743
0.08972933
0.09893926
0.1341591
0.09712606
0.2914795
0.124843
0.2085455
0.141123
0.06486378
0.04731503
0.1334031
0.1064282
0.09404695
0.1496205
0.1545759
0.09201323
0.1191754
0.1094975
0.1885096
0.1140319
0.1446172
0.186308
0.2503101
0.08952891
0.1182464
0.1468618
0.1315622
0.08657044
0.09459509
0.05523973
0.0973233
0.2365142
0.2386091
0.08376652
0.2150781
0.05144895
0.1247096
0.195154
0.1441152
0.07491245
0.09215713
0.0811957
0.07474342
0.07859689
0.05214475
0.03245164
0.156091
0.1074252
0.1376635
0.1406824
0.08606861
0.1229245
0.3654987
0.1228308
0.3416838
0.4112477
0.1373578
0.1363368
0.157826
0.2986334
0.2412165
0.09638831
0.07939271
0.09601324
0.3352009
0.3179119
0.1832687
0.1395398
0.2157646
0.1699014
0.1313522
0.1732339
0.224794
0.1057274
0.09227646
0.05241296
0.07890944
0.1180018
0.1984608
0.145043
0.06017994
0.244874
0.114657
0.3443316
0.1843693
0.05606212
0.3425222
0.1919123
0.1207849
0.09358918
0.1002095
0.07314167
0.1072671
0.07862562
0.109103
0.1094048
0.2837709
0.2055196
0.208846
0.1970135
0.05348676
0.2215638
0.1901407
0.1011373
0.1188286
0.07108107
0.1029252
0.07221642
0.08735395
0.07762511
0.05955695
0.1486167
0.1392864
0.110768
0.165341
0.1084775
0.1239711
0.09650165
0.1369717
0.2327461
0.1536758
0.07973162
0.1263363
0.09601147
0.1443001
0.1822001
0.09407063
0.1162254
0.1148659
0.1365424
0.106505
0.09299183
0.2491887
0.1293834
0.1465042
0.3161282
0.09530081
0.06560693
0.1481998
0.2250067
0.252566
0.2738119
0.08910577
0.1100377
0.1167048
0.09520183
0.2290946
0.07715722
0.1342157
0.06710118
0.04839174
0.05127315
0.1386332
0.1881703
0.08701326
0.185995
0.0667433
0.2083599
0.3356356
0.06366005
0.08464789
0.09954555
0.1486281
0.1033715
0.2298005
0.1196155
0.2798468
0.1279428
0.1014321
0.5133206
0.08455635
0.2314258
0.1620816
0.077896
0.1141176
0.1627268
0.1441553
0.1331552
0.1425173
1.416087
0.1257311
0.3183801
0.09816599
0.1192828
0.2398184
0.09425253
0.07141643
0.04077202
0.2974116
0.1913732
0.05846783
0.09663212
0.1812871
0.06139641
0.06621367
0.1368757
0.08168912
0.06482712
0.1734613
0.5982641
0.1017627
0.08717664
0.1124556
0.09904428
0.09500959
0.2168151
0.06592564
0.1560139
0.2853113
0.1859937
0.2132089
0.05776524
0.08016247
0.09401161
0.1299067
0.1195275
0.1624207
0.4351262
0.07611095
0.1101537
0.1449358
0.09988108
0.07308589
0.1284705
0.1037401
0.09114368
0.05937816
0.2582174
0.1611305
0.08047758
0.05900177
0.05050658
0.1349403
0.1619969
0.08714539
0.1287954
0.04631581
0.1583129
0.1113283
0.2434977
0.2252503
0.1120868
0.1598254
0.2942196
0.1353539
0.2154111
0.07687482
0.2397316
0.1636517
0.1272761
0.1138574
0.08551958
0.1154083
0.2457471
0.2877953
0.1154449
0.1010181
0.1325796
0.06064459
0.08521141
0.1134988
0.08513094
0.09614182
0.04719972
0.1969437
0.06141515
0.07641853
0.1998654
0.1475144
0.1820425
0.1717894
0.08676142
0.1266623
0.1162512
0.1061246
0.3780892
0.1247159
0.08526531
0.0419987
0.09259798
0.1004348
0.04013067
0.1097724
0.1034088
0.09740531
0.08151434
0.08950724
0.1026396
0.06208581
0.05557105
0.3454126
0.1348923
0.148217
0.1505493
0.09435533
0.08309558
0.09398737
0.08604195
0.0715187
0.2342654
0.432839
0.1290676
0.4549768
0.313667
0.08621572
0.05446444
0.1889622
0.1056032
0.05070835
0.280548
0.07637524
0.05176876
0.04511116
0.1440047
0.1049496
0.07666971
0.06718207
0.2079202
0.04630039
0.09447239
0.056776
0.1330586
0.2244824
0.08370094
0.06281196
0.1056079
0.09178641
0.03783878
0.1261362
0.0628052
0.1419236
0.04676567
0.1594955
0.06149075
0.1028743
0.1209234
0.0685143
0.08630253
0.173603
0.1045849
0.1558548
0.1096392
0.06882827
0.05628733
0.1365814
0.09941343
0.06643827
0.2404125
0.1505198
0.0943008
0.1528841
0.08728908
0.1939205
0.1096441
0.05682276
0.5100737
0.04815672
0.05801408
0.1055868
0.2324059
0.05504458
0.1389676
0.06269706
0.1651848
0.1249661
0.1335153
0.1721637
0.1238632
0.2727981
0.08749144
0.07420801
0.1795564
0.07729905
0.07824119
0.07650545
0.1051487
0.1770572
0.09538034
0.08443072
0.05580319
0.172379
0.1399908
0.06053387
0.05180501
0.1047747
0.125389
0.1028528
0.1734891
0.08751506
0.02876792
0.08365189
0.1019232
0.07363967
0.174189
0.1345685
0.04608123
0.1460253
0.07824195
0.02757288
0.06711144
0.09746418
0.1070464
0.1814097
0.1232863
0.06845447
0.1553144
0.1474973
0.08282677
0.07262039
0.05450464
0.08613631
0.04811609
0.1029963
0.1044371
0.08858291
0.08474602
0.09255773
0.1282613
0.1958838
0.08724982
0.06201242
0.06050461
0.0691979
0.04178661
0.05259897
0.06625074
0.235339
0.1140817
0.1186963
0.09827882
0.1129389
0.1163993
0.07260707
0.1026989
0.1143234
0.2498122
0.1149931
0.1247076
0.1460021
0.1057472
0.08542374
0.1048381
0.1833906
0.06475753
0.08058755
0.05161799
0.07969209
0.2120653
0.07181371
0.1216959
0.05966005
0.1898887
0.1029921
0.04447592
0.109052
0.05444774
0.1958639
0.05093107
0.06498738
0.08285285
0.05475796
0.05976057
0.07014536
0.0759182
0.0650512
0.05658426
0.07098354
0.09587465
0.1856501
0.1197071
0.07969472
0.2584781
0.07599108
0.08631116
0.2284095
0.1809197
0.2028805
0.1005637
0.07849446
0.1585804
0.09231424
0.1231017
0.07572971
0.1144903
0.1893119
0.0492542
0.373791
0.06420652
0.08160124
0.1823941
0.1120483
0.05302547
0.1056864
0.138308
0.06823347
0.09972567
0.09729537
0.3223483
0.1255756
0.1058526
0.06500469
0.1650935
0.08002135
0.06422749
0.07909637
0.1870807
0.1282605
0.07314757
0.1561915
0.1820564
0.09302063
0.1064288
0.1038561
0.1411093
0.09754603
0.1195187
0.09248818
0.1618902
0.0791889
0.2239824
0.1281465
0.1112983
0.08251954
0.1197023
0.166421
0.1638955
0.09618422
0.05207664
0.06010671
0.09611586
0.1335792
0.0730334
0.1306866
0.1507243
0.06286082
0.05869683
0.1149212
0.2560454
0.2094292
0.2175313
0.1728076
0.1207731
0.03904085
0.08534167
0.1104165
0.233314
0.09849873
0.06159926
0.1226033
0.1389384
0.07210572
0.1117754
0.09229115
0.05847243
0.2204368
0.09831214
0.1080396
0.2149282
0.2030239
0.0556225
0.1790819
0.3869308
0.143297
0.09518153
0.1001161
0.08425129
0.2570688
