0.01992537
0.0143821
0.01319322
0.01397343
0.01592378
0.01756677
0.02051004
0.02390639
0.02489755
0.02637094
0.02871407
0.02707265
0.02461325
0.02731351
0.02362524
0.02561457
0.027641
0.01923825
0.02030186
0.02456597
0.02308292
0.04094828
0.03030544
0.02413018
0.02671077
0.03273936
0.01640514
0.02159101
0.02650627
0.04099741
0.03087937
0.03663132
0.03948487
0.04419587
0.02435668
0.02399231
0.0200567
0.02240369
0.03361162
0.03309807
0.01569911
0.01957768
0.01794785
0.02175458
0.02205921
0.01937437
0.01609381
0.009559399
0.01356579
0.01723672
0.01427601
0.02016004
0.0191146
0.01972377
0.01769826
0.01798991
0.01671708
0.01523907
0.01499389
0.01893026
0.01886998
0.02276838
0.02419294
0.01831987
0.02150916
0.02507349
0.02771774
0.01666877
0.02931892
0.02873004
0.02682833
0.02557166
0.02775922
0.02115194
0.02007927
0.03082457
0.05033632
0.06074768
0.06894942
0.05859462
0.06107188
0.08337961
0.08964072
0.06983889
0.07437249
0.05593174
0.0631341
0.04265094
0.0421845
0.04280401
0.05808447
0.04475041
0.0641614
0.05145738
0.07575022
0.07513537
0.08030581
0.07562408
0.06390307
0.05748086
0.06296122
0.05887611
0.04418682
0.04991901
0.04664098
0.05062976
0.03947814
0.04515121
0.0451935
0.04196433
0.02839063
0.04443519
0.03149416
0.0241797
0.02577223
0.02046432
0.01798675
0.01924226
0.02650532
0.01973477
0.01888554
0.02060316
0.02434521
0.02944549
0.04701279
0.05236547
0.05304434
0.03983194
0.04660266
0.04279871
0.0430392
0.0388066
0.03836512
0.0361007
0.03203614
0.03992959
0.04079142
0.03718196
0.03616737
0.04700352
0.0301688
0.03902865
0.03915251
0.03011031
0.04571021
0.04943505
0.05141523
0.07244663
0.05648818
0.05483409
0.04961696
0.0379318
0.0570253
0.03432227
0.03363908
0.03603149
0.04667199
0.04792732
0.04429726
0.03240778
0.0283834
0.02058461
0.02850275
0.04518402
0.03412077
0.04794748
0.06177784
0.04001456
0.05696196
0.06207014
0.05802287
0.04008251
0.04167902
0.04375166
0.04997668
0.0417107
0.05882705
0.05015034
0.0634383
0.04614464
0.07336441
0.06664047
0.06650177
0.07789237
0.05785598
0.06142964
0.04186224
0.06297619
0.0577014
0.09121592
0.04255713
0.0591845
0.07302712
0.07324656
0.05303854
0.05884896
0.0671493
0.05330889
0.06091155
0.04903202
0.05148431
0.05099012
0.05699635
0.06249525
0.04386409
0.07542524
0.07056951
0.1039273
0.07918986
0.08539171
0.07449094
0.06343327
0.08508061
0.08039858
0.05835499
0.06705635
0.1019699
0.09586461
0.08946462
0.08253352
0.09642398
0.06205956
0.07058988
0.08583006
0.06676772
0.09358142
0.08838438
0.0740524
0.07334217
0.05849436
0.04732706
0.06379892
0.07027034
0.04729351
0.03597889
0.04570583
0.05270054
0.04604725
0.04577377
0.03436218
0.04938709
0.05148526
0.05505005
0.07311634
0.07019086
0.05416707
0.06906511
0.08803745
0.1145308
0.1370171
0.1032868
0.1115993
0.09825367
0.1242002
0.08942569
0.07514711
0.08421614
0.08795222
0.05315192
0.05495385
0.0668091
0.07076453
0.04732548
0.03047546
0.03207173
0.04004659
0.04736517
0.04830856
0.04240405
0.04873648
0.04675185
0.02550567
0.01619816
0.01680781
0.01764144
0.02607971
0.02612512
0.03100438
0.027556
0.03285458
0.03650814
0.04257484
0.05334756
0.05287762
0.04640636
0.04240405
0.04853811
0.04637921
0.04282309
0.04467252
0.06916232
0.06271542
0.04304089
0.0481327
0.02933165
0.03758516
0.03087372
0.02050683
0.02169814
0.03544019
0.03723751
0.03634999
0.02957984
0.03376295
0.02928065
0.02682252
0.03637064
0.05305339
0.06217378
0.06618068
0.05826982
0.04609433
0.04510705
0.06310455
0.03572001
0.03469385
0.03493939
0.02732095
0.04154743
0.03313533
0.04954099
0.0408587
0.06411593
0.06551626
0.06428667
0.06921477
0.05668894
0.04536598
0.03918879
0.03283431
0.02948217
0.03263552
0.02152153
0.02021618
0.01128311
0.01226182
0.01524989
0.0120446
0.02369562
0.02493113
0.02503764
0.02347317
0.0250779
0.02308577
0.03324517
0.02821868
0.02587977
0.02534767
0.02425048
0.03647937
0.03868432
0.02923937
0.04005626
0.03733987
0.03759723
0.04279138
0.04197377
0.03979171
0.04605028
0.0383855
0.05220504
0.03726924
0.04459992
0.06253845
0.0288369
0.04164203
0.03805951
0.03753361
0.03991358
0.04492763
0.02859095
0.03422489
0.02163548
0.03112223
0.02410337
0.02812606
0.03595684
0.0443035
0.03502544
0.03774416
0.04359506
0.03117108
0.03579399
0.04347189
0.06357471
0.07548155
0.09312167
0.09700902
0.1039168
0.119162
0.1111681
0.1350346
0.1171226
0.1060658
0.1141445
0.1142495
0.1257118
0.1143163
0.1519967
0.146455
0.0968591
0.09057055
0.0987837
0.1182785
0.1006854
0.09262826
0.09871084
0.08937916
0.08351416
0.08498465
0.05136807
0.06830932
0.07245773
0.08181922
0.08858808
0.07543353
0.1145349
0.1029376
0.08850069
0.08285471
0.09236965
0.1245694
0.1047742
0.09199323
0.1192
0.1011162
0.1004033
0.08729752
0.09265571
0.07420037
0.05829293
0.05679438
0.07837987
0.05549403
0.04800285
0.05380781
0.05987747
0.0620026
0.06275534
0.05334282
0.06025905
0.04874343
0.07217012
0.06282131
0.08635355
0.07348984
0.07775342
0.09132446
0.07481581
0.07076462
0.07335628
0.09572944
0.1639157
0.1400029
0.1245155
0.09540131
0.1077553
0.08356491
0.0871873
0.08661038
0.08575692
0.07329264
0.0761726
0.05882241
0.04663659
0.03033495
0.055234
0.04520909
0.03881164
0.05446023
0.04155241
0.05299436
0.05320673
0.05169683
0.05929568
0.03661793
0.05610359
0.04001655
0.03557588
0.034916
0.04008028
0.02958613
0.03602102
0.0570697
0.07213999
0.08512149
0.1071877
0.1152913
0.1246595
0.09242304
0.09507805
0.07721636
0.09460584
0.09923696
0.1010445
0.1197416
0.1362487
0.1253812
0.1459467
0.2044338
0.2024553
0.1502781
0.195738
0.1823055
0.1630904
0.1535704
0.1388942
0.166949
0.179976
0.1739515
0.1918551
0.1763982
0.2115475
0.1621067
0.1496659
0.1277383
0.0933459
0.106394
0.165831
0.1999819
0.1875888
0.2099089
0.1903951
0.1703276
0.1966403
0.2309142
0.1371059
0.1505839
0.1325574
0.1489941
0.1672404
0.1941988
0.1465476
0.1572473
0.1161205
0.1023353
0.09892055
0.1030823
0.1301427
0.1188159
0.1033475
0.1277221
0.121334
0.1489435
0.1354612
0.1440917
0.1066155
0.11296
0.1009909
0.0803983
0.08134269
0.09791065
0.1190769
0.1173991
0.1384687
0.147454
0.1139627
0.1221953
0.119246
0.1319716
0.1890339
0.1749694
0.180447
0.2010898
0.1725879
0.1377129
0.112185
0.1258954
0.1552326
0.08105244
0.09333647
0.07792752
0.09823103
0.1202235
0.1194606
0.1600585
0.1144208
0.1251399
0.1351441
0.1485049
0.1199383
0.1004621
0.1031358
0.150976
0.1148829
0.1492998
0.1634629
0.1603654
0.1903195
0.1399632
0.1352278
0.1803508
0.2551825
0.2634503
0.2455549
0.2819474
0.2625649
0.1721537
0.2042796
0.2528083
0.1435558
0.1325188
0.1243941
0.1527429
0.1132038
0.1264358
0.1161484
0.1587573
0.1586973
0.1929938
0.1861369
0.1862663
0.1888018
0.1931533
0.1974252
0.1801478
0.1972313
0.1700504
0.1559666
0.1924389
0.1925941
0.1646723
0.1202457
0.1321674
0.1314672
0.1371168
0.133138
0.126868
0.1785349
0.1760053
0.1559775
0.1453814
0.1451696
0.09942067
0.08251037
0.09154015
0.07606711
0.09288298
0.1148283
0.09828479
0.07639556
0.08154338
0.08671
0.09279185
0.09973279
0.06728784
0.06917353
0.07346376
0.111379
0.1161431
0.1613219
0.1501597
0.1695799
0.1706555
0.1419819
0.1272206
0.1179055
0.1197231
0.124604
0.1301607
0.104676
0.09303443
0.1031776
0.08422781
0.1531149
0.1275192
0.1933527
0.1443815
0.144954
0.1573168
0.1604496
0.1676977
0.2170885
0.1285946
0.1554242
0.1606226
0.1952088
0.170141
0.180301
0.1780616
0.2500366
0.1921365
0.1890427
0.1500498
0.1831328
0.1900501
0.1894398
0.1495358
0.1437761
0.1114089
0.157428
0.1510747
0.1407376
0.1412915
0.1037763
0.09341218
0.1248033
0.1109686
0.1364421
0.116795
0.1115449
0.1184729
0.1301172
0.1064877
0.1307189
0.1080411
0.1235921
0.124526
0.1361727
0.157936
0.1252171
0.1040611
0.1342276
0.1236754
0.1592481
0.1427249
0.1625152
0.148842
0.1307343
0.1348042
0.1330409
0.1114596
0.08814755
0.1098118
0.0760749
0.05650909
0.07685485
0.05526809
0.07080083
0.06904513
0.05842576
0.07186935
0.06437431
0.07878309
0.06716392
0.07837999
0.06911155
0.07451041
0.07254015
0.04778252
0.0690573
0.1210822
0.09506877
0.1122874
0.1086005
0.09448521
0.1131281
0.1284223
0.1119843
0.09251802
0.1050646
0.06979282
0.09704569
0.08123694
0.08844732
0.09975067
0.0943672
0.07053266
0.06792686
0.05613462
0.05519672
0.05760732
0.06134327
0.0656577
0.07060729
0.07155341
0.07644745
0.06331073
0.07729958
0.06095778
0.05858569
0.07468165
0.08842953
0.05159602
0.05026116
0.06137589
0.07269662
0.08562447
0.06353649
0.06239529
0.05867092
0.04247882
0.05446735
0.0626133
0.07138759
0.05860851
0.0639264
0.05135918
0.04248565
0.04443692
0.05067126
0.0428453
0.02416075
0.02910691
0.03059233
0.01665314
0.01731022
0.02487408
0.02517992
0.03302329
0.03765681
0.04350465
0.03833899
0.02803264
0.05114583
0.03900065
0.04477283
0.0378934
0.03316076
0.05796916
0.05059178
0.04297911
0.04540817
0.04250385
0.0437335
0.04668519
0.03721456
0.03511255
0.02826342
0.03700317
0.03654195
0.04205733
0.0304071
0.01955844
0.03962632
0.03586512
0.04475546
0.04909729
0.0643061
0.04537886
0.04619695
0.04607057
0.03650255
0.04445431
0.05306036
0.03810386
0.04342253
0.03954257
0.03967496
0.04400524
0.06293383
0.05961709
0.06038844
0.04403075
0.05689653
0.03904837
0.04831382
0.04242338
0.03330755
0.02762264
0.04542269
0.03988309
0.03995272
0.03482108
0.03475215
0.02696289
0.01970971
0.01227201
0.01152997
0.01692876
0.01309832
0.01214832
0.0173655
0.01562401
0.009699634
0.01128767
0.02161695
0.0208295
0.01833835
0.01706358
0.01435293
0.01393596
0.01688269
0.02185103
0.02227358
0.01286583
0.01132625
0.01371157
0.0116408
0.01118761
0.01036557
0.01641295
0.03060372
0.03566014
0.04094936
0.03386265
0.01749521
0.01587445
0.01549514
0.01939383
0.02396106
0.02494706
0.01398394
0.01623847
0.01467849
0.01148503
0.01487987
0.02095302
0.0167566
0.02462044
0.0325261
0.02840844
0.03407027
0.03555106
0.04018909
0.04501788
0.04832667
0.04006612
0.04892172
0.04528006
0.0463876
0.07327475
0.06270564
0.06510388
0.07199591
0.08133886
0.0873828
0.07932118
0.09178142
0.1064131
0.1225162
0.1405715
0.1048319
0.1205283
0.1026528
0.1539624
0.1357162
0.1301165
0.1892873
0.1927109
0.1457193
0.1572288
0.1244366
0.1338491
0.1158125
0.09601921
0.1064115
0.12587
0.1467497
0.1427395
0.1280019
0.1464366
0.1358031
0.1285315
0.1057775
0.1334115
0.1469958
0.142555
0.149217
0.1867184
0.1632697
0.1451844
0.1634669
0.13508
0.120639
0.09534464
0.1269353
0.09286021
0.1192114
0.1075179
0.133272
0.1321821
0.1067334
0.09516304
0.1043078
0.114896
0.07666171
0.1073096
0.09904899
0.09751737
0.1218699
0.1247291
0.1418527
0.1200191
0.1282569
0.1202989
0.09531526
0.1021451
0.08948207
0.1192536
0.08678544
0.0986555
0.08541297
0.06389772
0.07217316
0.05986436
0.06786316
0.04042461
0.04488678
0.04786259
0.09139644
0.08634087
0.07370418
0.09440359
0.09036187
0.0869978
0.08701731
0.09620664
0.1004343
0.07264507
