0.09129949
0.0768988
0.06081123
0.06699167
0.06074785
0.07082989
0.0448334
0.03349074
0.03199521
0.02525277
0.02512858
0.03021609
0.03098617
0.03197605
0.02714422
0.01998595
0.0174055
0.01836476
0.02010033
0.01944963
0.02353441
0.01584006
0.02313454
0.02310249
0.02437694
0.02150682
0.0240773
0.02430577
0.02278802
0.02087933
0.01902867
0.01707388
0.01627715
0.0154082
0.01501097
0.01457717
0.01723138
0.01751865
0.02155094
0.02488464
0.02755032
0.02561974
0.02367404
0.02587181
0.01984006
0.01954004
0.01725504
0.01696017
0.01967993
0.02006976
0.01897796
0.02166896
0.02456174
0.0219262
0.02299335
0.02996404
0.03008353
0.0185172
0.02091018
0.02490781
0.02434835
0.02392472
0.01872207
0.01671055
0.01637029
0.01674302
0.018368
0.02038618
0.02288786
0.02088831
0.01778861
0.01400576
0.01449396
0.01936301
0.01707317
0.01634008
0.01725358
0.01813698
0.01677671
0.01562386
0.01238228
0.01530271
0.01720729
0.01794887
0.02312703
0.02312551
0.0238429
0.02349535
0.01918595
0.0189345
0.01871225
0.02317346
0.01768924
0.02084328
0.0200358
0.02107881
0.02465401
0.02826086
0.02371678
0.02110651
0.01757115
0.01424082
0.01815149
0.01804272
0.0218776
0.02111009
0.02492218
0.01507659
0.01440722
0.01921601
0.01825036
0.01975341
0.01843452
0.01743957
0.01711748
0.02042771
0.0218914
0.02306262
0.02520702
0.02042803
0.0153341
0.0173403
0.0173151
0.01870513
0.02195327
0.0220419
0.0237782
0.02774673
0.02585596
0.02432304
0.02379027
0.02206448
0.01865339
0.01910987
0.01837117
0.02201412
0.01969267
0.01935698
0.01944687
0.02092083
0.01998989
0.02455071
0.02519088
0.02722932
0.02397718
0.02279335
0.01731675
0.01801699
0.01914518
0.01806273
0.01755037
0.01957214
0.02181227
0.02486055
0.01865545
0.01598108
0.01686626
0.02205957
0.01732007
0.02178155
0.0196406
0.02367784
0.01938995
0.02374426
0.02040348
0.02512514
0.03110714
0.02619916
0.02740489
0.02160839
0.02166375
0.02069806
0.02173289
0.02309425
0.01886566
0.02650752
0.02377071
0.02091208
0.02246664
0.01851732
0.02253992
0.01978025
0.02372965
0.02127078
0.02901781
0.02068221
0.02122759
0.0189182
0.02556932
0.02335361
0.02228342
0.01978797
0.02518266
0.02759162
0.02838863
0.02696307
0.02116682
0.02265749
0.02377856
0.02036263
0.01926963
0.01743884
0.01364611
0.01473837
0.01561359
0.01522843
0.01689461
0.02064763
0.02026698
0.01776886
0.01519078
0.01588068
0.01545831
0.01781269
0.01899401
0.01962277
0.01873176
0.01644222
0.02182557
0.02645007
0.02373182
0.02177988
0.02622356
0.02647965
0.02256358
0.02165045
0.01992326
0.01640141
0.01507668
0.02142532
0.02235109
0.01975942
0.01743676
0.01989336
0.02161328
0.02257055
0.01925705
0.01738928
0.01939054
0.0204314
0.02292091
0.0210958
0.02413694
0.0187159
0.01735925
0.01603535
0.01677274
0.01580748
0.01443809
0.01271601
0.01473526
0.015745
0.01552394
0.01680588
0.01902541
0.0214973
0.02356593
0.0256011
0.02305749
0.02205359
0.02002202
0.01495592
0.01367894
0.01363296
0.01627185
0.01742952
0.01608121
0.01408716
0.01445679
0.01406919
0.01716607
0.01823888
0.0209602
0.01680868
0.01950138
0.01661817
0.0152805
0.01689567
0.01594364
0.01958092
0.01330171
0.0142087
0.01415653
0.01655168
0.01495032
0.01587241
0.01551906
0.01667044
0.01676876
0.0159456
0.01777359
0.01974447
0.02467595
0.01912626
0.01601833
0.01523789
0.01747422
0.02119768
0.01834628
0.01975141
0.02029747
0.01958844
0.02017179
0.01494668
0.01976492
0.02054782
0.01653384
0.01911488
0.01697215
0.01880174
0.02444774
0.02108027
0.01945466
0.02204407
0.02015075
0.01968418
0.0193375
0.02347431
0.02044925
0.01990919
0.01816179
0.01810869
0.01839035
0.02177954
0.02138604
0.02693908
0.02373741
0.02129781
0.01661683
0.01793585
0.01630893
0.01929638
0.01998044
0.01907272
0.01742052
0.01651947
0.0183245
0.0191258
0.01889589
0.01772506
0.01599746
0.02090756
0.01935558
0.01761293
0.01640488
0.01909095
0.01826447
0.01955972
0.01963584
0.02171197
0.02262104
0.01763055
0.02239723
0.0212319
0.02090304
0.0239914
0.02113175
0.01894167
0.01959777
0.01794545
0.01297561
0.01218168
0.01301739
0.0174301
0.01818722
0.02038043
0.01572607
0.01671418
0.02012287
0.02128572
0.01832867
0.01922871
0.01674941
0.01549485
0.01817019
0.02133421
0.01924158
0.02211956
0.02018118
0.01504701
0.01553495
0.01965409
0.01734157
0.0197653
0.01953051
0.01973183
0.01594166
0.01851076
0.02315726
0.02081195
0.0221925
0.02069613
0.02329812
0.02217004
0.02457215
0.02411047
0.01857585
0.01626403
0.01169031
0.0126286
0.01480791
0.01402582
0.01869358
0.01386729
0.01482847
0.01729921
0.0139928
0.01309877
0.01592375
0.01660347
0.01686819
0.01513043
0.01646321
0.0239415
0.02177165
0.02073452
0.02615433
0.02309664
0.02349409
0.03098591
0.02543541
0.01987352
0.01560287
0.02227288
0.02157753
0.01731397
0.01958098
0.01688203
0.02090814
0.02086129
0.01882556
0.0208245
0.01937869
0.01699109
0.0206034
0.0169924
0.01866395
0.01758602
0.02073881
0.02249696
0.02228098
0.02324093
0.02115323
0.01740448
0.0172608
0.02101493
0.01913237
0.01680105
0.01631563
0.01481185
0.01504032
0.01571583
0.01515422
0.01755062
0.01282282
0.01390772
0.01713621
0.01882016
0.01564923
0.01602756
0.01958009
0.01708754
0.02103773
0.02031197
0.02051198
0.02222787
0.03207773
0.02649357
0.02159726
0.02009613
0.01676887
0.02139986
0.02162008
0.01906229
0.02195512
0.0211903
0.02218965
0.02908403
0.02910701
0.02568366
0.0230309
0.02374661
0.02359479
0.02111085
0.02400218
0.02110614
0.01933777
0.02135856
0.01980297
0.01909184
0.02657033
0.02328527
0.02321585
0.01996624
0.01835046
0.02136988
0.02008881
0.01526866
0.01605118
0.01979892
0.02029092
0.01997153
0.01999478
0.01684704
0.01684214
0.01818784
0.01844671
0.01651971
0.01519388
0.01547272
0.01289025
0.01229485
0.01510446
0.01815143
0.01582326
0.02055551
0.02076019
0.02277234
0.01683359
0.01844342
0.02015156
0.02198814
0.02518097
0.022586
0.02055166
0.0225524
0.02301637
0.02300097
0.02031108
0.01938418
0.0208563
0.02213326
0.02191732
0.01897739
0.02083795
0.01558586
0.01505857
0.01529172
0.01910694
0.02103271
0.02292215
0.01616531
0.01622193
0.01753644
0.0171057
0.01622886
0.01626587
0.01607314
0.01557541
0.02052495
0.01833088
0.0183304
0.01929417
0.01573515
0.01415914
0.01688798
0.01838103
0.017202
0.02692935
0.02078056
0.01934409
0.01727815
0.02471702
0.01874751
0.01984565
0.01853537
0.01866415
0.02508923
0.02474787
0.02748533
0.02279786
0.02458955
0.01957014
0.02199834
0.02097591
0.0251813
0.02609411
0.01963804
0.02103198
0.01898786
0.02119361
0.01814558
0.02034827
0.01856229
0.01801918
0.02017105
0.0200987
0.01931321
0.02000086
0.02017232
0.01676165
0.01657476
0.01654676
0.01415719
0.01443156
0.01495403
0.01822151
0.01766486
0.01601742
0.017359
0.01927676
0.02123209
0.02086056
0.022591
0.0209885
0.0200088
0.01886105
0.02347032
0.02918013
0.02304202
0.02035986
0.02051662
0.01703065
0.0160906
0.01958199
0.01744053
0.01738362
0.02238604
0.01742298
0.01871467
0.02182574
0.0183435
0.01844702
0.01787024
0.01844384
0.020736
0.02964225
0.02385546
0.02341577
0.0187341
0.02050628
0.01723239
0.01580609
0.02349878
0.0261456
0.01707262
0.01759997
0.01708424
0.01622937
0.02154817
0.01853748
0.01718365
0.01828213
0.02672697
0.01823812
0.01467492
0.01747555
0.01754089
0.01913816
0.02434465
0.02367687
0.02412262
0.02569458
0.02100906
0.0225908
0.02262516
0.0205887
0.02329666
0.01683968
0.01633203
0.01594687
0.01499127
0.01381142
0.01819418
0.01767319
0.01763726
0.01504268
0.01704955
0.01252906
0.01504833
0.01577881
0.0149306
0.01353034
0.0130227
0.01686946
0.02280729
0.0202569
0.02036072
0.0237463
0.02302449
0.01933012
0.01612278
0.01205117
0.01306429
0.01498681
0.01262448
0.01301016
0.01430778
0.01421459
0.01335899
0.01201135
0.01763723
0.01873106
0.01858681
0.02307119
0.02307154
0.01996514
0.01677059
0.01647251
0.01493313
0.02038325
0.02137558
0.02089796
0.02311146
0.03116188
0.01959523
0.01722497
0.0208973
0.02155701
0.01980517
0.02235833
0.02043348
0.02252846
0.02313384
0.02032526
0.02369723
0.01666636
0.021861
0.01471804
0.01803892
0.01858733
0.01639469
0.01891205
0.02143642
0.02120473
0.02179114
0.02197694
0.0185293
0.02140437
0.02347692
0.02411474
0.02354172
0.02291501
0.02238486
0.02066821
0.01711921
0.01838893
0.01883441
0.01998246
0.01545626
0.01785866
0.01911657
0.01829354
0.01723939
0.01852404
0.01889129
0.02085051
0.02485048
0.02404749
0.02210348
0.01665211
0.01961486
0.01781313
0.01489471
0.01312163
0.01178911
0.0169884
0.02010925
0.0195225
0.01760636
0.01717077
0.0179395
0.01641963
0.01275994
0.01075381
0.01332947
0.01795623
0.01976962
0.02408611
0.02112517
0.02200657
0.02186894
0.01858713
0.02043694
0.02509325
0.03256768
0.0288522
0.02982786
0.02584998
0.0237117
0.02130428
0.01835558
0.01753427
0.0173002
0.01562897
0.0176438
0.01894799
0.02189723
0.02372938
0.02197973
0.01838856
0.02072219
0.0208762
0.02253056
0.02610229
0.02749956
0.01951118
0.02081275
0.01909411
0.01957092
0.018593
0.01783013
0.01764359
0.02293642
0.02196265
0.02160734
0.01756865
0.02010841
0.02169586
0.02232051
0.0232921
0.02430856
0.02411721
0.02339481
0.02573578
0.02077238
0.01783957
0.01785472
0.01324022
0.01650666
0.01693941
0.01797948
0.02002715
0.01950394
0.02560306
0.01868215
0.02281844
0.02048359
0.02166072
0.02445002
0.02342152
0.02192502
0.02890615
0.02650611
0.02260515
0.02445861
0.02241919
0.02404161
0.02152155
0.0189386
0.01860263
0.02445782
0.0221827
0.0195543
0.02036098
0.01807827
0.01833807
0.01780706
0.0165851
0.01992912
0.01804598
0.01879624
0.01766633
0.02358246
0.02230118
0.02330168
0.02145719
0.01746574
0.01559499
0.01280582
0.01235754
0.01568501
0.01982829
0.01813945
0.01948047
0.02243427
0.02348452
0.02263433
0.01445476
0.01450156
0.01323754
0.01800779
0.02296785
0.02172757
0.02324458
0.01700444
0.01653987
0.01517061
0.0167379
0.02007038
0.02049721
0.02108567
0.02041461
0.01782816
0.01758808
0.0162931
0.01645237
0.0170579
0.01920436
0.01731985
0.01754332
0.01868514
0.02372416
0.02114347
0.01953458
0.02287553
0.02525018
0.02383841
0.01977625
0.02253467
0.02863756
0.02692871
0.02630475
0.02297109
0.01880215
0.02174786
0.020779
0.02290155
0.02750168
0.02413908
0.02561538
0.02529304
0.029765
0.03361745
0.02870784
0.02166314
0.02217144
0.02176415
0.0172049
0.0174682
0.01972695
0.02619594
0.02128881
0.0205096
0.01887582
0.01802315
0.02073006
0.02455725
0.0190158
0.02037786
0.01947663
0.02598898
0.01633283
0.02477386
0.03185772
0.02608957
0.02239368
0.0220739
0.02433708
0.02305738
0.02465756
0.02407978
0.02020777
0.02278486
0.01747905
0.01445834
0.01291564
0.01407285
0.01602334
0.02101985
0.02074462
0.01981987
0.01702086
0.01849986
0.01758698
0.0151205
0.01458616
0.02006102
0.01350389
0.01559495
0.01547407
0.01570149
0.02058845
0.02243206
0.02132897
0.02393934
0.0185088
0.02035022
0.02277147
0.02641616
0.02846114
0.02075756
0.02029782
0.02118777
0.01888446
0.01910468
0.02203048
0.01879377
0.02081389
0.01941562
0.02088336
0.02008552
0.01772167
0.0234519
0.0254753
0.02061121
0.01867909
0.02188348
0.02386994
0.0234596
0.02502146
0.01690327
0.01641118
0.0199983
0.01947947
0.01691405
0.01782839
0.02470783
0.02144914
0.0176902
