0.08245394
0.2265
0.327451
0.4610588
0.5051776
0.6350592
0.7410282
0.7451913
0.591584
0.4661035
0.6435039
0.5820287
0.5718043
0.5962504
0.5896233
0.5952496
0.4744939
0.6323046
0.8902085
0.7160592
0.5745995
0.7185812
0.7482957
0.6558466
0.8381652
0.8322841
0.7566567
0.6984256
0.5390578
0.7169499
0.7545534
0.6376165
0.8626328
0.8206229
0.774066
0.9771277
0.8639915
0.8049702
0.7737622
0.6595509
0.6332738
0.6155283
0.5708684
0.6474762
0.5990444
0.6352489
0.6394863
0.8108669
0.6498162
0.7822061
0.7317435
0.5773916
0.754623
0.6846176
0.7864582
0.8767331
0.8815168
0.7583031
0.9245423
0.7738702
0.6597467
0.8031493
0.769485
0.8932674
0.9133405
0.8276433
0.8143435
0.9703276
0.9230431
0.6813911
0.8920784
0.9509927
0.9059553
0.8067729
0.8356532
0.7248273
0.7446788
0.7495492
0.6865417
0.673769
0.5896447
0.63684
0.5522634
0.6179617
0.6093204
0.9274478
0.8635143
0.7999694
0.8998032
1.119687
0.8492548
0.8695428
1.011073
0.8119122
0.6348134
0.7523462
0.7483818
0.8315655
0.8165107
0.6226005
0.8420883
0.7266173
0.8180995
0.824831
1.125821
0.9805052
1.095134
0.9046954
1.00472
0.9794033
0.7972625
0.8080228
1.093719
0.9283286
1.04383
0.991547
0.8469679
0.7238226
0.8386563
0.854151
0.860287
0.9937933
0.9373534
1.139343
0.9130464
1.289079
1.101912
0.9962588
1.211105
0.8525097
0.6571787
0.9351783
1.036718
1.008398
0.9889253
1.203796
1.018879
0.8046576
0.9355563
0.9165783
1.240907
1.024015
0.9355681
0.8726174
0.8893357
0.9266552
0.9349666
1.107322
0.9281556
0.8417562
0.7394042
0.9163771
0.9414722
0.7035961
0.7523036
0.7778048
1.058777
0.8513828
1.007169
0.7816911
0.9140958
0.7867251
1.167212
1.152897
1.054778
0.8654749
0.8659943
1.075535
1.016652
0.8781493
1.139396
0.9857754
0.8283491
0.9509965
0.8134598
0.9753614
1.047833
0.8445721
1.025821
0.763918
0.8918701
0.982657
0.8460467
1.018193
0.7633054
0.8762522
0.9038534
0.9012814
0.8767931
0.8935253
0.8754527
0.8679125
0.9094444
0.7670473
0.8069695
0.8986936
0.8952104
0.7803182
0.8552826
0.6691836
0.7962093
0.9795219
0.8771442
0.7927484
1.093312
0.8043768
0.9698915
1.047421
0.8309969
0.9111205
1.049752
0.9148797
0.854488
0.8503772
0.8587262
0.7918745
0.8594494
0.759245
0.7947701
0.6934659
0.6732526
1.084817
0.821753
0.8422853
1.118223
0.8159284
0.7493819
0.7916607
0.8572021
1.011927
0.83773
0.7979973
0.822412
0.7124229
0.4976191
0.6320505
0.9180438
0.8189594
0.6976899
0.8815499
0.8912434
0.7660475
0.6362697
0.6771749
0.8039817
0.7907921
0.8499768
0.8653794
0.7316155
0.9066472
0.8083745
1.041695
0.8706632
0.6438764
0.7028115
0.7218477
0.8738693
0.7751618
0.8367501
0.8711684
0.911568
0.9619571
0.8523127
0.9156275
0.8943158
0.9973188
1.01158
0.9979423
0.8728435
0.8191141
0.7908806
1.062517
0.8374321
0.7892802
0.9744036
0.7566658
0.6588034
1.094631
1.017361
0.957373
0.8894787
1.08541
1.15465
1.062085
0.8452472
1.190664
0.9807305
0.9462988
1.204981
1.362698
0.8483895
0.9276095
0.8234878
0.8740533
0.8338223
0.7920545
0.7539595
0.8643726
0.7612132
0.6206752
0.7676977
0.9624188
1.104454
0.9052446
0.9663889
1.078078
0.9399333
1.083373
1.206144
1.13396
0.9309246
1.248865
0.9467062
1.012964
0.9230911
1.208572
1.050343
0.9332052
0.9680684
0.7035594
0.7765394
0.6618035
0.8200609
0.8120895
0.7862572
1.037195
0.9909612
1.024939
1.063616
1.145406
0.7889235
1.11471
0.8279166
1.334387
0.9704115
1.098838
1.123805
0.9424684
0.8541139
0.8395379
0.9916743
0.8233127
0.90699
0.9386945
0.7645056
0.6901047
0.8431738
0.7280674
0.6664222
0.657806
0.7178011
0.7929643
0.6982397
0.5280728
0.7057804
0.7572978
0.6643813
0.788024
0.7791421
0.7671896
0.6567157
0.4748022
0.5538419
0.6229714
0.5341988
0.6520411
0.6896717
0.7149236
0.8610756
1.074222
0.9715818
0.8390374
0.6497015
0.8130876
1.008985
0.8692528
0.8175618
0.917762
0.7536196
0.8003313
0.8412749
0.8532202
1.058277
0.6929136
0.7557767
0.789209
0.6807345
0.6870946
0.4961218
0.6925124
0.6488827
0.5925193
0.9799736
0.635776
0.7396636
0.7551758
0.6966375
0.7360682
0.5998844
0.6631556
0.8145895
0.6182561
0.6289355
0.7207863
0.615411
0.7561222
0.7947482
0.7659364
0.7856835
0.8282415
0.6063201
0.9515075
0.684241
0.6076776
0.7740435
0.6387599
0.8254373
0.9483109
0.642692
0.8196104
0.5592036
0.695423
0.6520324
0.5789144
0.6572945
0.8058034
1.002414
0.5440376
0.7379016
0.802482
0.6920716
0.684029
0.724187
0.7997369
0.7523786
0.8669713
0.7072835
0.7607872
0.6942471
1.03527
0.9889628
0.8586106
1.088449
1.066754
0.9101672
1.04014
0.7040364
0.9229323
0.8427509
1.000171
0.8042292
0.7850122
0.7928656
0.6785439
0.6737045
0.8957961
0.8766653
0.8119646
0.6985754
0.7253165
0.8263776
0.8062968
0.7690899
0.8436183
0.7716853
1.012829
0.9133671
0.8895821
0.9096813
0.8340791
0.769618
1.029139
0.8494833
0.8863917
0.8168215
1.019591
1.328029
1.061331
1.022831
0.8987107
0.9760557
0.943968
0.8524417
0.700952
0.7630345
0.9430513
0.8212243
0.7144742
0.9001698
0.9927549
0.9018843
0.7182907
0.8450191
0.8433071
1.138984
0.9623896
0.760275
0.7642083
1.127928
0.8564783
0.9967741
1.03053
0.9564448
0.9700122
1.057973
0.9166465
0.9463737
0.8615589
0.877306
0.8454036
0.8902234
0.8098271
0.785178
0.650622
0.5647163
0.4604384
0.6804511
0.606522
0.7436191
0.7690031
0.7601947
0.6798182
0.5795933
0.5806092
0.8146305
0.6495348
0.7368383
0.7652035
0.9623647
0.7370076
0.843499
1.030276
0.9428419
0.9916812
1.119345
1.002163
0.7571695
0.7929607
0.6875516
1.048916
0.9205079
0.7700731
0.6201339
0.8162194
0.7339956
0.8341168
0.8501426
0.8445389
0.6687416
0.8812819
0.8325789
0.7855119
0.6723594
0.6922405
0.6881719
0.6726181
0.7209948
0.7945453
0.9071983
1.005919
0.9702969
0.9497703
0.9131909
0.7202273
0.6575106
0.7674428
0.8141614
0.6823935
0.9436675
0.6811293
0.6064371
0.5747655
0.4975126
0.4697239
0.5118581
0.5774183
0.5124941
0.4298501
0.5430409
0.484137
0.7742401
0.5450316
0.7580835
0.7339598
0.6931127
0.6834058
0.7131144
0.7845351
0.7092151
0.7654349
0.6588337
0.6821908
0.594643
0.6097856
0.5806144
0.6069547
0.6749667
0.6726557
0.5912982
0.8037482
1.00726
0.7261002
0.6452439
0.5682962
0.6465664
0.6971958
0.8020506
0.683096
0.6161684
0.7636975
0.7245016
0.6829161
0.6978799
0.8557585
0.8169248
0.5749734
0.7160845
1.092026
0.8783264
1.002532
1.06889
1.20551
1.004853
0.9474644
1.104379
0.8447677
1.113953
0.9533803
1.143797
1.20419
1.100522
1.240074
0.9488068
0.8570816
1.007331
0.8579244
1.333655
0.9996278
0.8760843
0.7912721
0.7951553
0.8524952
0.9154023
0.9335027
0.7300007
0.8270691
0.9644178
0.946764
0.8129251
1.151764
0.8715667
0.8144827
0.7744929
0.7950256
0.8102861
0.733539
0.8065375
0.8987511
0.8581862
0.9556561
0.7497977
0.9296525
0.815213
0.7921848
0.7338199
0.7992344
0.7567257
0.8377424
0.869346
0.5306377
0.7191215
0.8439821
0.7716893
0.7253433
0.62469
0.5920066
0.4712997
0.6819252
0.5498531
0.7166295
0.7396471
0.6199258
0.7073411
0.6271828
0.7091091
0.6689017
0.6763572
0.5949093
0.6119015
0.7162752
0.626105
0.7343661
0.5948304
0.6672352
0.7380215
0.7174194
0.7158694
0.7982492
1.026259
0.7729257
0.7420816
0.8529939
0.7096566
0.7851294
1.01306
0.9024564
0.775855
0.8033992
1.045356
0.8637531
0.5856418
0.7200625
0.939472
0.8406153
0.6314221
0.9082554
0.6294772
0.6356249
0.7167172
0.8444239
0.9116634
1.050227
0.9773218
0.8985565
0.9328314
0.7579893
0.6539077
0.8933608
0.8169296
0.7733542
0.7628749
0.9595229
0.8951712
0.7830949
0.8681701
0.9995269
0.8433791
0.7521001
0.7008129
0.9654431
0.7579722
0.7037649
0.8063469
0.8894087
0.7767821
0.864891
0.9920302
0.7942726
0.6765362
0.6966126
0.7376205
0.8998197
0.6457304
0.7463187
0.6992584
0.9101267
0.8028512
0.6360122
0.699641
0.85425
0.8891784
0.7011439
0.982959
1.078563
1.252172
0.996482
0.8027921
0.9283365
1.032518
0.8820233
1.159196
0.9563646
1.002407
1.037168
0.7687651
1.108338
1.135998
1.046993
1.215101
1.005058
1.184306
0.8836488
1.121821
0.9559692
1.144124
0.9038208
0.5483421
0.8928688
0.7561951
0.8661461
0.8371976
0.9541209
0.7155589
0.6301959
0.6776517
0.7994241
0.9782874
0.8341784
0.6700054
0.6652328
0.7120472
0.7564329
0.732067
0.6609789
0.6997291
0.5926385
0.5665752
0.5465847
0.5697082
0.6601621
0.6397739
0.5873288
0.9765569
0.7659629
0.7054019
0.7675192
0.9861567
0.9384222
1.000501
0.8187516
0.7834129
0.9562399
1.156263
0.7800403
0.9018688
1.238537
1.123764
0.7885666
0.8848131
0.7399759
0.6552383
0.666958
0.7620616
0.7098104
0.7244317
0.7010167
0.6793444
0.7607897
0.9749503
0.73262
0.8985492
0.7471875
0.7914
0.787458
0.5948163
0.6489984
0.7020103
1.032339
0.9541069
0.9695554
0.7697022
0.6986846
0.683488
0.6014682
0.5632089
0.6554675
0.6539359
0.5935246
0.9938122
0.9206556
0.6748087
1.086216
0.900766
0.9674735
0.8535814
0.7338653
0.7369901
1.159977
1.03779
0.9674281
1.051378
0.7980088
0.6511029
0.9216661
0.8754728
1.005706
0.8965198
0.944772
1.075549
0.9027354
0.7503609
0.6978173
0.8767362
0.873729
0.8586404
0.871186
1.033548
0.8741575
1.126258
1.11744
1.057991
0.9493326
1.02349
1.096579
0.9529048
1.051116
1.104659
0.7869956
0.9195422
0.8124214
0.8939698
1.100636
0.8889697
0.7753195
0.8133031
0.7822346
0.9312017
0.9889836
1.145453
0.9614218
0.8669138
0.7896653
0.6688098
0.874234
0.6760791
0.8270891
1.050586
1.160544
0.8806554
0.5613679
1.047848
0.9291235
0.9077918
0.9757857
0.8875428
0.7231345
0.7625525
0.5953622
0.8382098
0.7334986
0.7606166
0.7481426
0.6071134
0.5904258
0.4824491
0.6525054
0.7849408
0.5608835
0.8862919
0.6553135
0.784227
0.6948827
0.6012935
0.7270177
0.8336522
0.9368201
0.8036559
0.8728068
0.8223337
0.8592224
0.745179
0.7945011
0.8264103
0.7658762
0.870425
0.9406859
1.027299
0.7147209
0.7447989
0.9313437
0.8247276
0.8887908
0.9005501
1.047241
1.236888
1.031654
0.7904986
0.6875804
0.7125831
0.8741853
0.7239452
0.8618974
0.738312
0.6892004
0.741118
0.9107213
0.8533784
0.8206686
0.5928329
0.8603831
0.9728605
1.015273
0.8590082
0.7275966
0.9953611
0.7897403
0.8594578
0.6229601
0.6842618
0.7218693
0.8832893
0.801557
0.6605478
0.7972316
0.8827516
0.6970182
0.6167633
0.6005744
0.7181952
0.5563751
