0.07947864
0.06044856
0.05162057
0.03682404
0.03672648
0.03848207
0.04633297
0.03658378
0.03256336
0.02526604
0.02297374
0.02030427
0.02018043
0.01944174
0.01787041
0.01917814
0.01850805
0.01714637
0.02223593
0.02020121
0.02520755
0.0274208
0.02635575
0.02304707
0.02314452
0.01933152
0.02025945
0.01782628
0.01693005
0.01680987
0.01520585
0.01633037
0.01859676
0.01477265
0.01535499
0.01517905
0.01663378
0.01708566
0.01383894
0.01247782
0.01247703
0.009870899
0.01107607
0.01334386
0.01185776
0.01035083
0.009901104
0.008751234
0.00924262
0.009316618
0.01129939
0.009608564
0.01127989
0.01067036
0.01180567
0.01163628
0.01465734
0.01651364
0.01841803
0.01420466
0.01235031
0.01379452
0.01541882
0.01260065
0.01254615
0.0141124
0.01553061
0.01420905
0.01632622
0.01479354
0.02118058
0.01791731
0.01198657
0.0137345
0.01742487
0.01363169
0.01343124
0.01227992
0.01425481
0.01204672
0.01032005
0.01132421
0.010355
0.01023091
0.0143378
0.01340501
0.01349297
0.01661557
0.01584264
0.01723065
0.01816541
0.01925289
0.02710499
0.01926173
0.02281669
0.01649789
0.01276694
0.0154408
0.01990432
0.02673659
0.0216696
0.02036509
0.01665108
0.01618335
0.01563795
0.01624242
0.01635732
0.0180544
0.01735662
0.01537295
0.01373182
0.01406867
0.01597264
0.01264266
0.01395607
0.01266743
0.01277432
0.01099997
0.01145415
0.01022533
0.01073918
0.012013
0.01078057
0.01064956
0.01432912
0.01314051
0.01254315
0.01499861
0.01676863
0.01630459
0.01360724
0.01236478
0.01423577
0.0155128
0.01666809
0.01418533
0.01548257
0.01411494
0.01163274
0.01267636
0.01313172
0.01305871
0.01359648
0.01530844
0.01698019
0.01451531
0.01852195
0.01959364
0.01364283
0.01434781
0.01408842
0.01503813
0.01427839
0.01541737
0.01962363
0.01532903
0.01596374
0.01969773
0.01891667
0.01587613
0.01495271
0.01561994
0.01641282
0.01501061
0.01484781
0.01128607
0.01279576
0.01357654
0.01610324
0.01420467
0.01909827
0.02070537
0.01534135
0.0159161
0.01980688
0.01864543
0.01967527
0.01949702
0.02151011
0.01466275
0.01503483
0.01880878
0.01914427
0.01825357
0.01803531
0.01490193
0.02242647
0.02014035
0.01685219
0.01676806
0.02120589
0.02041165
0.01660714
0.01825695
0.01803634
0.02136489
0.02161911
0.01875773
0.02178142
0.01967078
0.0159058
0.02002731
0.02331008
0.02241293
0.01730083
0.0171747
0.01623123
0.01823861
0.01789425
0.01407466
0.01264287
0.01606536
0.01444915
0.0180081
0.01704459
0.01401773
0.01405307
0.01499337
0.01677728
0.01396944
0.01320347
0.01089751
0.01541339
0.01934678
0.0178058
0.01668874
0.01299531
0.0130772
0.017725
0.01588636
0.01370952
0.01740752
0.01849037
0.01623346
0.01631831
0.01789763
0.01913001
0.01785706
0.01415088
0.01197374
0.01241058
0.01141487
0.01106091
0.01290122
0.01079724
0.01308434
0.01443316
0.01149167
0.0131149
0.01051188
0.01013245
0.01015985
0.01173958
0.01361868
0.01345761
0.01340178
0.01475113
0.01336288
0.01425692
0.01435746
0.01209274
0.01237533
0.01165503
0.009216447
0.01286578
0.01117521
0.01348542
0.01146155
0.0122413
0.01548199
0.0168906
0.01839484
0.01593748
0.01728241
0.01548224
0.0176343
0.01974481
0.01896977
0.01588874
0.01532369
0.01479998
0.01591292
0.01443339
0.01246622
0.01841555
0.01406158
0.01462444
0.01396387
0.01452447
0.01714198
0.01842044
0.01773936
0.01402037
0.01599589
0.01407174
0.01344913
0.01373097
0.0136387
0.01178543
0.01279411
0.0108646
0.0112171
0.01115061
0.0116042
0.01472229
0.0141732
0.01576434
0.02005987
0.01760717
0.02542839
0.02246177
0.02220932
0.02234912
0.01976272
0.02056837
0.01718311
0.01751287
0.01681117
0.0179047
0.01526042
0.01895394
0.01665379
0.01949034
0.02244642
0.02391765
0.01965502
0.01391391
0.01309609
0.01809677
0.01441511
0.01624591
0.01779442
0.0168626
0.01635318
0.01521858
0.01473085
0.01561021
0.01558928
0.01595024
0.01960925
0.01526947
0.02017938
0.01658744
0.01559943
0.01492607
0.01557163
0.01556716
0.02052745
0.01653725
0.01846583
0.01347251
0.01513739
0.01528822
0.01763805
0.01760723
0.01638468
0.01978072
0.01929001
0.0194982
0.0198686
0.01683339
0.01093073
0.01304815
0.01478623
0.01564768
0.01383147
0.01522317
0.01249659
0.01022632
0.01009636
0.01108825
0.0112055
0.01204764
0.01393913
0.01345799
0.01404098
0.01664944
0.0173472
0.01584793
0.01448423
0.01290091
0.01145573
0.01231983
0.01102603
0.01097618
0.01398128
0.01286868
0.01812081
0.01782434
0.01624972
0.0143727
0.01535549
0.01587368
0.01594976
0.01485214
0.01250078
0.01244855
0.008172966
0.01034398
0.009270155
0.01173179
0.01240657
0.01364933
0.01439743
0.01333607
0.01391888
0.01448707
0.01323825
0.01368058
0.0133955
0.01189092
0.01305881
0.0155039
0.01420923
0.01269238
0.01670161
0.01962008
0.01689556
0.02078444
0.02003607
0.02477427
0.02881974
0.02767768
0.02703693
0.02462705
0.01937157
0.0182327
0.0159175
0.01334119
0.01262228
0.01582665
0.01209877
0.01265701
0.00999514
0.01150391
0.01376496
0.0148181
0.01461624
0.01326732
0.01577064
0.01552408
0.01647315
0.01245392
0.01400818
0.01300941
0.01449857
0.01157648
0.01343283
0.0128974
0.01498737
0.01447702
0.01685716
0.01479956
0.01367699
0.01048084
0.01198579
0.01374568
0.01061506
0.01112126
0.009772294
0.01463255
0.01738586
0.01586376
0.01434642
0.01322879
0.01646776
0.01412096
0.01184763
0.01239518
0.01754787
0.01689039
0.01380884
0.01736907
0.02050341
0.01867943
0.01776997
0.01687971
0.01510303
0.01388147
0.01407089
0.01497458
0.01449532
0.01407755
0.01393214
0.01372401
0.01624056
0.0175477
0.0200371
0.01724558
0.01725348
0.01157973
0.01373279
0.01377698
0.01141976
0.01261362
0.01349954
0.01261219
0.01224677
0.01171548
0.01401351
0.0156229
0.0191256
0.02360083
0.02194533
0.01845968
0.01532582
0.01356736
0.01507473
0.01275849
0.01426985
0.01553906
0.01760498
0.01848612
0.02073455
0.01757119
0.01510644
0.01326179
0.01388401
0.01702206
0.01262365
0.01370368
0.01599715
0.01707228
0.02179165
0.022269
0.02231212
0.01752529
0.01328471
0.01259772
0.01041441
0.01500975
0.01771322
0.02284624
0.01978185
0.02154649
0.02377925
0.02303225
0.01842666
0.01455444
0.01392208
0.01634147
0.01844259
0.01670445
0.01501147
0.01814961
0.01899217
0.01178751
0.01523949
0.01316365
0.01200194
0.01219423
0.0159709
0.01857792
0.0181594
0.01897839
0.01865091
0.0133339
0.01183394
0.01605897
0.01650929
0.01668151
0.01512903
0.01712279
0.0158794
0.01446838
0.01626156
0.02123672
0.02125578
0.02098358
0.02323411
0.01719014
0.02321977
0.02106639
0.0167044
0.01655365
0.0174872
0.02014337
0.01842333
0.02076019
0.01686879
0.01939612
0.01711341
0.01949227
0.01618729
0.01489569
0.01453339
0.01215834
0.01130411
0.01384472
0.01583969
0.01556465
0.01238661
0.01459796
0.01649003
0.01281029
0.01351916
0.01354598
0.01158374
0.01241681
0.01468403
0.01257332
0.01481183
0.01325804
0.01861964
0.02038836
0.01981559
0.01779005
0.01337522
0.01449452
0.01555838
0.01781897
0.01770815
0.01542981
0.01572431
0.01434648
0.01489712
0.01472032
0.0172215
0.0165161
0.01787124
0.01733795
0.01724383
0.0149207
0.01534763
0.01490178
0.01574102
0.01480709
0.01385727
0.01510463
0.01412875
0.01527147
0.01663765
0.01154236
0.01110642
0.01379738
0.01436075
0.01881347
0.01895224
0.02193033
0.01989358
0.01600897
0.01874345
0.01374099
0.01618161
0.01329128
0.01543949
0.01467556
0.01619455
0.01524485
0.01867524
0.01659804
0.01629844
0.0180935
0.01967926
0.01335403
0.01527185
0.01747195
0.01880643
0.01567487
0.01385652
0.0156853
0.01389002
0.01590581
0.01530226
0.01332079
0.0136463
0.01286949
0.01188308
0.01159634
0.009672536
0.01113667
0.01498142
0.01483769
0.01222547
0.01114066
0.01270454
0.01402155
0.0130792
0.01592137
0.01686434
0.01714457
0.02067
0.01929436
0.01608901
0.01735248
0.01853904
0.01956033
0.01594119
0.01536754
0.02066686
0.01527907
0.01106584
0.01253719
0.01429073
0.01490078
0.01264273
0.01380977
0.0125371
0.01117152
0.01523844
0.01528781
0.0164513
0.01569556
0.01719844
0.01866589
0.01615936
0.01717459
0.01683868
0.01658931
0.01792075
0.02414567
0.02000613
0.01817851
0.01691182
0.01793885
0.02189113
0.02092052
0.01452356
0.0149864
0.01350228
0.01364699
0.01430299
0.01903165
0.01387363
0.01705146
0.02091703
0.01685566
0.01262444
0.01386142
0.01924734
0.01741118
0.01637742
0.01313819
0.01577805
0.01433344
0.01542007
0.01606337
0.01502753
0.01909983
0.01648367
0.01509106
0.01656918
0.01680161
0.01489595
0.01391971
0.01212756
0.01098879
0.0130795
0.01288619
0.01045557
0.009822926
0.01007313
0.009620617
0.01005242
0.01384147
0.01200766
0.01611414
0.01459225
0.01695558
0.01754562
0.01236736
0.01249643
0.01499096
0.01661759
0.01652112
0.01271307
0.01304954
0.01187666
0.0127181
0.0125215
0.01325266
0.01145047
0.01331752
0.01862521
0.01379066
0.01580075
0.0114353
0.01339827
0.01554339
0.0173986
0.01772216
0.01671472
0.00994043
0.0141069
0.01146735
0.01252041
0.01184293
0.01762657
0.01948429
0.01438285
0.01432667
0.01373353
0.01387324
0.01597357
0.01959085
0.0165485
0.01989983
0.01976529
0.02066416
0.01539787
0.01224618
0.01328679
0.01323491
0.01323531
0.01317811
0.01860843
0.02230656
0.01860838
0.02563274
0.02076477
0.02420186
0.02451116
0.01822424
0.01903061
0.02142941
0.02101122
0.02216659
0.02060484
0.01539565
0.01666463
0.01595109
0.01340803
0.01425232
0.01673779
0.01575485
0.01517766
0.01377248
0.01409064
0.01722099
0.01654991
0.01201467
0.01444256
0.014688
0.01721733
0.02013578
0.02068003
0.01681167
0.02100932
0.02450596
0.02654025
0.02578378
0.02388337
0.01738575
0.01692438
0.01836054
0.01404675
0.01187485
0.01427557
0.01413384
0.01068033
0.01324534
0.01379692
0.0131954
0.01650243
0.01824348
0.01527966
0.01572474
0.02051784
0.02099612
0.01605964
0.01333124
0.01435147
0.01030204
0.01105514
0.01430287
0.01383253
0.01175244
0.01304749
0.01383642
0.01291702
0.01388878
0.01373266
0.01437649
0.01579287
0.01557733
0.01928403
0.0170241
0.01988095
0.01844807
0.0266613
0.02740155
0.02307111
0.01882199
0.01649077
0.01724252
0.01758873
0.01501915
0.01612465
0.01712988
0.01519766
0.01507396
0.01661642
0.01277959
0.01293815
0.01546486
0.01768407
0.01937879
0.02429477
0.02136742
0.02049296
0.0204966
0.01746478
0.02050769
0.02600862
0.02320133
0.01772995
0.01443418
0.0109452
0.01089176
0.01286019
0.01620974
0.01381446
0.01244732
0.01289916
0.01249526
0.01631618
0.01643009
0.01940911
0.01880706
0.01954913
0.01739515
0.01965545
0.01654774
0.01546104
0.01951768
0.01793492
0.01822469
0.0163263
0.02026442
0.02061643
0.01310817
0.01259353
0.01419026
0.01086201
0.009539365
0.01403009
0.01766599
0.02159802
0.02826113
0.02533763
0.01802401
0.01483144
0.0106229
0.009126747
0.01094111
0.01022774
0.01034081
0.01074651
0.01498872
0.01281178
0.01276016
0.01528537
0.01256229
0.01213003
0.00931425
0.01295499
0.01007481
0.01292751
0.009913618
0.01275738
0.01342358
0.01265756
0.01406638
0.01454868
0.01568449
0.01744688
0.01353654
0.01106557
0.01014503
0.01187329
0.01415656
0.01686153
0.0182067
0.02474707
0.01888515
0.0190387
0.01461632
0.01720071
0.01299477
0.01324549
0.0121317
0.01292833
0.0115866
0.01037583
0.01498897
0.01275194
0.01217234
0.01283231
0.01360472
0.01687546
0.01587724
0.01672869
0.0263243
0.02193349
0.01537626
0.01713549
0.01437134
0.01473245
0.01608089
0.01293309
