2.251087
2.201844
2.213271
2.212463
2.230415
2.215457
2.196892
2.175365
2.182936
2.17714
2.21991
2.227195
2.24591
2.255265
2.276081
2.289105
2.270086
2.25393
2.228924
2.236045
2.253664
2.254793
2.234816
2.221109
2.214128
2.217846
2.22394
2.21753
2.187774
2.166757
2.173785
2.176999
2.174969
2.167535
2.137695
2.179894
2.203139
2.216031
2.209464
2.223872
2.243042
2.244845
2.247815
2.251371
2.244808
2.260021
2.243792
2.246197
2.263088
2.22747
2.223909
2.229914
2.212953
2.207459
2.186722
2.198547
2.172058
2.189266
2.215014
2.206619
2.249666
2.239972
2.232353
2.243913
2.262862
2.260118
2.25026
2.245404
2.250266
2.278041
2.269522
2.275646
2.299198
2.313224
2.29751
2.306877
2.297208
2.317103
2.323864
2.34233
2.352238
2.367875
2.375237
2.35975
2.349514
2.364578
2.366918
2.363591
2.397119
2.413654
2.398055
2.398189
2.417194
2.447326
2.431117
2.420447
2.402838
2.37291
2.343871
2.329811
2.331065
2.323678
2.333825
2.311155
2.297247
2.28604
2.291856
2.275748
2.278652
2.302815
2.309884
2.311784
2.264792
2.256951
2.249146
2.26893
2.261462
2.256195
2.255167
2.278796
2.275939
2.272426
2.229103
2.21954
2.212597
2.198458
2.220982
2.224865
2.243045
2.216203
2.202404
2.228012
2.238087
2.217187
2.203528
2.215255
2.24917
2.226542
2.243012
2.249402
2.247789
2.281957
2.288215
2.286396
2.306596
2.311412
2.327391
2.3029
2.317525
2.339707
2.355608
2.371415
2.356974
2.37331
2.346089
2.354954
2.340987
2.327537
2.318526
2.34104
2.32066
2.343369
2.362995
2.384773
2.410065
2.383797
2.39125
2.382634
2.394222
2.413904
2.397196
2.383306
2.361405
2.331519
2.325757
2.320247
2.285676
2.294114
2.284249
2.279348
2.325387
2.310507
2.316974
2.308466
2.320906
2.30859
2.323465
2.329461
2.328656
2.312171
2.316086
2.304196
2.284011
2.290098
2.30247
2.313886
2.348451
2.322747
2.321666
2.296381
2.267712
2.273173
2.263218
2.266236
2.285105
2.313685
2.32566
2.318653
2.300963
2.288918
2.288604
2.284399
2.293279
2.271703
2.282506
2.289976
2.309196
2.322292
2.322862
2.323179
2.322675
2.312584
2.31922
2.301658
2.313004
2.334894
2.34384
2.345327
2.356117
2.337827
2.342855
2.341217
2.355362
2.358986
2.340946
2.337612
2.364141
2.346243
2.339294
2.353362
2.35064
2.331731
2.352444
2.363349
2.345364
2.367493
2.350855
2.368203
2.361983
2.393954
2.363087
2.363675
2.356034
2.348891
2.350664
2.333265
2.356507
2.345282
2.367366
2.383225
2.41321
2.416178
2.421009
2.414447
2.395182
2.356463
2.361423
2.338945
2.309614
2.302538
2.285383
2.25848
2.275773
2.272487
2.280288
2.234982
2.25315
2.259519
2.256034
2.25117
2.23927
2.222335
2.214606
2.213017
2.209839
2.201333
2.18982
2.183451
2.173431
2.165438
2.157193
2.13588
2.132032
2.114684
2.1086
2.113812
2.08647
2.056008
2.046185
2.021828
2.014851
2.019296
2.042763
2.043308
2.024861
2.042634
2.052178
2.046916
2.065604
2.086339
2.06595
2.088195
2.105639
2.133568
2.182201
2.190095
2.20831
2.210176
2.205216
2.201853
2.189488
2.182316
2.177283
2.174443
2.193992
2.186493
2.187486
2.172546
2.188966
2.192104
2.201776
2.192914
2.193199
2.189976
2.198674
2.20371
2.214958
2.185585
2.201264
2.189288
2.185023
2.156744
2.118306
2.117575
2.124612
2.123683
2.125385
2.13581
2.143771
2.143848
2.155261
2.161659
2.14758
2.151025
2.161057
2.123816
2.125929
2.108155
2.065928
2.060838
2.044598
2.021857
1.99033
1.95553
1.923992
1.959298
1.967554
2.002646
2.033484
2.006022
2.049594
2.03622
2.059417
2.026267
2.04121
2.048671
2.046224
2.026185
2.065284
2.048052
2.099907
2.120693
2.141704
2.136262
2.119052
2.117585
2.124847
2.120572
2.096067
2.116923
2.103229
2.106537
2.106433
2.078207
2.044537
2.069232
2.072982
2.086927
2.079259
2.055302
2.055139
2.057151
2.05597
2.052666
2.048792
2.026492
2.035563
2.03324
2.092852
2.063583
2.065814
2.082643
2.09449
2.091789
2.110508
2.135966
2.107201
2.098737
2.091043
2.088943
2.073482
2.054059
2.04692
2.046403
2.061764
2.067638
2.10041
2.114324
2.123206
2.104908
2.102807
2.083939
2.092491
2.107713
2.10635
2.106232
2.1111
2.091595
2.072821
2.055232
2.058802
2.058633
2.083776
2.08009
2.048833
2.050795
2.070753
2.070143
2.043525
2.041779
2.01742
2.029312
2.036722
2.031802
2.042716
2.038525
2.044173
2.02911
2.022547
2.051114
2.052123
2.03166
2.049444
2.034863
2.011769
2.008273
2.005052
2.043508
2.030038
2.03109
2.029776
2.050166
2.03583
2.029455
2.014636
2.029886
2.037394
2.043788
2.034106
2.059487
2.032618
2.006659
1.999515
2.026193
2.008519
2.02305
2.01981
2.004574
1.96747
1.955867
1.94969
1.966071
1.93663
1.928396
1.933293
1.927525
1.949033
1.914001
1.914794
1.901879
1.903407
1.899729
1.905203
1.8974
1.893984
1.911361
1.92116
1.884386
1.89634
1.875891
1.866907
1.84464
1.863436
1.839663
1.868201
1.851265
1.888975
1.883248
1.882171
1.895495
1.894534
1.901605
1.866904
1.882375
1.863082
1.858938
1.884676
1.872396
1.906783
1.863875
1.8622
1.884748
1.863421
1.890146
1.883879
1.899435
1.887126
1.898428
1.867416
1.876751
1.842844
1.87007
1.85831
1.863998
1.8583
1.846232
1.837051
1.843621
1.864986
1.845454
1.840258
1.857336
1.868936
1.844802
1.84152
1.855657
1.840375
1.8383
1.84804
1.85621
1.829351
1.817086
1.80985
1.816812
1.826387
1.84134
1.854831
1.858465
1.867713
1.850641
1.873637
1.857141
1.848061
1.861396
1.828821
1.830747
1.835444
1.834491
1.840429
1.843439
1.839876
1.836777
1.863612
1.863431
1.874798
1.868664
1.88912
1.893641
1.894298
1.922911
1.929911
1.94572
1.934221
1.92976
1.941067
1.92541
1.914655
1.924926
1.939879
1.91779
1.92402
1.926154
1.949819
1.92992
1.953231
1.921627
1.914588
1.905945
1.929988
1.936086
1.954388
1.95376
1.934144
1.910871
1.927631
1.901848
1.905285
1.915324
1.919092
1.917267
1.911302
1.894393
1.917801
1.929087
1.955479
1.943103
1.93668
1.95204
1.953186
1.958082
1.938704
1.948559
1.950424
1.963358
1.958758
1.945206
1.938985
1.940798
1.926208
1.94274
1.940102
1.946783
1.962375
1.939611
1.977871
1.978687
1.99569
1.982181
1.986451
1.9988
2.001809
2.007781
1.991072
2.004685
2.024814
1.987754
1.999198
1.987224
1.986204
1.994641
1.994453
1.98664
1.98622
1.984112
1.95236
1.945427
1.930245
1.949568
1.947617
1.968593
1.939664
1.921654
1.942056
1.963016
1.967159
1.932552
1.954253
1.946598
1.948702
1.938717
1.909577
1.921748
1.916266
1.909926
1.948362
1.991467
1.980902
1.976173
1.979801
1.958622
1.950944
1.933629
1.916637
1.915584
1.909569
1.885401
1.891671
1.87523
1.869985
1.903656
1.887821
1.882812
1.873816
1.880866
1.901868
1.873287
1.893744
1.905324
1.897735
1.917656
1.964966
1.987908
2.005467
2.019105
2.025996
2.004206
2.027422
2.034139
2.016178
2.044732
2.05654
2.04953
2.035197
2.058087
2.028219
2.037422
2.018326
2.022625
2.020607
2.015922
1.997463
2.013145
2.028786
2.024816
2.034917
2.062735
2.065585
2.08094
2.077192
2.061217
2.065651
2.094152
2.106731
2.111987
2.124092
2.125505
2.141382
2.155161
2.174456
2.185341
2.175487
2.187079
2.172961
2.183857
2.17358
2.170537
2.160758
2.191809
2.167027
2.182596
2.173798
2.195059
2.204219
2.18398
2.18109
2.189285
2.209505
2.182362
2.191584
2.206427
2.195472
2.179634
2.166558
2.165867
2.145698
2.145173
2.162859
2.162798
2.142266
2.144529
2.146134
2.158643
2.156634
2.14068
2.152646
2.170009
2.182144
2.193597
2.200241
2.187486
2.185215
2.179062
2.150727
2.164137
2.160635
2.146831
2.161009
2.145821
2.145873
2.136917
2.142939
2.139796
2.168592
2.200313
2.19435
2.19699
2.225908
2.278296
2.291672
2.267254
2.28022
2.287783
2.285785
2.260745
2.234997
2.258837
2.293079
2.284462
2.296861
2.266799
2.24793
2.248555
2.241688
2.23157
2.217838
2.199198
2.158906
2.141
2.142273
2.135568
2.129064
2.14491
2.157948
2.151006
2.134196
2.148624
2.171809
2.178451
2.201347
2.223182
2.214533
2.199871
2.213426
2.200792
2.196408
2.207118
2.207856
2.210807
2.223131
2.226037
2.226351
2.235458
2.249621
2.259526
2.244094
2.265576
2.255063
2.254654
2.272159
2.262865
2.27558
2.268222
2.282738
2.271703
2.273286
2.291782
2.318291
2.275831
2.284963
2.249833
2.280118
2.290922
2.299379
2.296155
2.256123
2.240308
2.225344
2.211773
2.215008
2.213352
2.189767
2.200178
2.20434
2.208183
2.241531
2.242692
2.225693
2.244793
2.260444
2.25502
2.253744
2.24559
2.231544
2.225264
2.220906
2.205611
2.20431
2.196249
2.191355
2.178931
2.195631
2.18721
2.208332
2.190354
2.190225
2.186724
2.192658
2.157314
2.164813
2.191808
2.187544
2.155446
2.116932
2.077197
2.060082
2.080323
2.071377
2.06466
2.099602
2.090766
2.065846
2.063015
2.055887
2.054248
2.045029
2.029815
2.056182
2.044828
2.041182
2.048552
2.061311
2.063065
2.061145
2.070877
2.053576
2.047014
2.031956
2.028933
2.062254
2.062465
2.031417
2.048611
2.034852
2.000075
2.014537
1.99216
2.009884
2.049306
2.060777
2.098789
2.072592
2.107573
2.096849
2.116303
2.127548
2.119838
2.121515
2.128957
2.121153
2.112946
2.153431
2.154409
2.167659
2.169086
2.195126
2.187316
2.225073
2.207659
2.174003
2.180225
2.179431
2.165849
2.160048
2.152084
2.164838
2.170625
2.134338
2.145797
2.127862
2.124162
2.120571
2.139104
2.130941
2.152533
2.107622
2.087137
2.073602
2.05661
2.079491
2.077356
2.049834
2.02508
2.0513
2.050418
2.038762
2.028724
2.038707
2.060705
2.049451
2.071668
