0.1204615
0.08460451
0.04722693
0.02504134
0.02647446
0.02530222
0.0219648
0.02182509
0.02407311
0.02524752
0.02018521
0.02263723
0.02201637
0.02194588
0.02393047
0.01887392
0.02159807
0.01960555
0.02259934
0.02168787
0.0198427
0.01806666
0.01925575
0.01843598
0.02011589
0.01929372
0.01971861
0.02032915
0.02144862
0.01907205
0.01973075
0.01964289
0.01946536
0.01749223
0.01891115
0.01832439
0.01745482
0.01995518
0.01712667
0.02040399
0.02163745
0.0234345
0.02502688
0.02025316
0.01919889
0.01685569
0.01807429
0.01903272
0.01951706
0.01814924
0.01917641
0.02058436
0.02275688
0.01995331
0.02179971
0.01861753
0.0207369
0.02032867
0.02109274
0.02182662
0.0198428
0.02108438
0.02194728
0.02426649
0.01960071
0.02190944
0.02090338
0.01874317
0.01713634
0.02064829
0.02527069
0.02293955
0.0226149
0.01923708
0.0217372
0.01977608
0.02006201
0.0209031
0.02018329
0.02015876
0.01910895
0.01886499
0.01925248
0.01959097
0.01556458
0.01707977
0.02025162
0.02040978
0.02132826
0.01793312
0.01848547
0.01727668
0.01861964
0.01985501
0.01814176
0.01725613
0.01743717
0.01796007
0.0189849
0.02047297
0.01856271
0.02250467
0.02015297
0.02359936
0.02267257
0.02389185
0.02385356
0.02391992
0.02012646
0.02080446
0.02334909
0.02186307
0.0253433
0.02006599
0.02188705
0.01890358
0.01655301
0.02377466
0.02647082
0.02093941
0.0184189
0.02208524
0.02277463
0.02251731
0.01972518
0.02193448
0.02063266
0.02114708
0.01785977
0.02217459
0.02019462
0.02402722
0.02053266
0.01934531
0.02135277
0.01721833
0.01926921
0.01848016
0.02062829
0.01782478
0.02499563
0.01854111
0.0178512
0.02079252
0.01867426
0.01815563
0.01563013
0.02507713
0.02395542
0.0221449
0.02407752
0.02131622
0.02697762
0.02238797
0.02016339
0.01739529
0.01640744
0.01928229
0.01933119
0.02148443
0.02799126
0.02198639
0.02497452
0.01855824
0.02425453
0.02064895
0.01890231
0.01862807
0.01761836
0.01913974
0.0215175
0.02256789
0.02011015
0.01801876
0.01861454
0.0174071
0.01591218
0.017581
0.01871995
0.01951932
0.01826479
0.01722927
0.01971689
0.01649661
0.01615236
0.0193255
0.02066159
0.0205739
0.02052676
0.01726846
0.01856227
0.02375608
0.01924936
0.02075362
0.02295512
0.01893272
0.02101937
0.01878396
0.01957309
0.01950258
0.02196755
0.01946392
0.01889138
0.01794776
0.02551589
0.02248173
0.02230857
0.02119751
0.01845449
0.01853504
0.02053741
0.02252293
0.02007889
0.01983499
0.02357858
0.02453764
0.01780596
0.0204608
0.01613817
0.02029288
0.01851198
0.02101087
0.01662654
0.01904257
0.01717083
0.01755623
0.01828743
0.02138542
0.01996751
0.02304605
0.01988965
0.01924433
0.01968606
0.01913535
0.0179915
0.01895447
0.01808301
0.01998228
0.01707409
0.01550472
0.01830354
0.02102198
0.01915199
0.01611418
0.01867537
0.01889594
0.02328359
0.01833137
0.0199129
0.01755905
0.01778209
0.01673316
0.01804746
0.02109452
0.0220588
0.02177337
0.02246214
0.01978328
0.01974858
0.02248156
0.02103023
0.01764942
0.01642448
0.01966402
0.01900569
0.02059767
0.01622151
0.01665286
0.01847892
0.01713988
0.01836378
0.01636327
0.02319697
0.02351857
0.02662244
0.0237851
0.02243631
0.02029373
0.0224035
0.02200404
0.02415608
0.01859431
0.02042659
0.017232
0.01793713
0.01976806
0.02024454
0.01884405
0.0180475
0.01433528
0.01551844
0.01752145
0.02121473
0.01681692
0.01411342
0.01779915
0.01669502
0.02240594
0.01545508
0.0163008
0.01677084
0.01733338
0.01723108
0.01849976
0.01852579
0.02003965
0.01805682
0.01788559
0.0222212
0.02179053
0.01969936
0.02471416
0.02389679
0.02007378
0.01855955
0.02051483
0.02239394
0.02089465
0.02082091
0.02134076
0.02396928
0.02056136
0.01865416
0.0202632
0.01920005
0.01728473
0.01658362
0.01932841
0.02144409
0.01831861
0.02142243
0.02412222
0.02226326
0.0149672
0.01689175
0.01960651
0.02187098
0.02044789
0.02441224
0.02170271
0.01874537
0.02202928
0.01904089
0.02065163
0.02391604
0.02451347
0.02290122
0.02069165
0.0198749
0.02112136
0.02576966
0.02069879
0.02028288
0.02098185
0.01690738
0.01706139
0.02071057
0.01955368
0.01791986
0.02043879
0.01759709
0.01746078
0.02057812
0.01995436
0.02158804
0.01961513
0.02195366
0.02259389
0.01985494
0.01935686
0.02225338
0.01830032
0.02010845
0.02070901
0.02123165
0.02096291
0.02226278
0.01967389
0.02161762
0.02092757
0.01752118
0.0185053
0.01789589
0.01880201
0.01940344
0.01756378
0.01832152
0.02073691
0.02060276
0.02248906
0.01982702
0.01791187
0.02149626
0.02084758
0.02109282
0.01869835
0.02014891
0.02497401
0.01683546
0.01515861
0.01892252
0.02220469
0.01776649
0.02053524
0.02168066
0.0202476
0.01818728
0.01968379
0.01448374
0.01711155
0.01854681
0.02143471
0.01729763
0.01811705
0.01730634
0.01969028
0.01925649
0.02010658
0.02038959
0.02406641
0.02333581
0.018693
0.01676888
0.02120335
0.01884933
0.01919981
0.01994414
0.02078386
0.02094789
0.02079053
0.01985152
0.01757418
0.01926705
0.01888761
0.01930152
0.01810951
0.02086097
0.01471606
0.01439536
0.02011887
0.01967151
0.0173943
0.0184
0.01944174
0.01665469
0.01923693
0.02239308
0.0194115
0.01801821
0.01728716
0.0168639
0.01742553
0.01555651
0.01730506
0.01561374
0.01883132
0.0162052
0.02197394
0.01811225
0.01872301
0.02102988
0.02034457
0.01603605
0.02146102
0.02439326
0.02383637
0.02432484
0.02532051
0.02188408
0.0204212
0.02474568
0.02212775
0.02092372
0.02151285
0.01840211
0.01896441
0.0155515
0.0202109
0.02536702
0.02574447
0.0251787
0.02202466
0.02701894
0.02276012
0.0240204
0.0267725
0.0203294
0.02434069
0.02786613
0.02758899
0.02075247
0.01801154
0.02321831
0.01912066
0.02063558
0.02096444
0.02148045
0.02483767
0.0182517
0.0171161
0.01778518
0.01943599
0.02183799
0.02356449
0.01986166
0.02240611
0.01919777
0.01643802
0.01777947
0.01710912
0.02108525
0.0202986
0.01872901
0.02008264
0.01995271
0.02178298
0.01950792
0.02278375
0.01793009
0.01878991
0.01709152
0.02213911
0.02188184
0.01957987
0.01626011
0.01943808
0.02246617
0.02251896
0.02154673
0.01935374
0.01811631
0.02012598
0.01718723
0.02069021
0.02159522
0.0183201
0.01914577
0.02133493
0.0212042
0.02183547
0.02080503
0.01961694
0.02026029
0.0229258
0.01896435
0.02192825
0.01729131
0.01519086
0.01930147
0.01709242
0.02125327
0.01764527
0.01970417
0.01683646
0.01954066
0.01910724
0.0191559
0.01861421
0.0192781
0.02084861
0.02676289
0.01698706
0.01822415
0.02000481
0.01805784
0.01792818
0.01918503
0.02045095
0.02325603
0.01870301
0.01926356
0.01874519
0.01880843
0.02128515
0.01952393
0.01856996
0.01965906
0.02015141
0.01945295
0.0197988
0.02078988
0.0172629
0.02229233
0.0165051
0.02016455
0.01859005
0.01820148
0.01932716
0.02057516
0.0216514
0.02139404
0.02252436
0.02249882
0.02178915
0.02100489
0.01956196
0.01824878
0.01957889
0.02557234
0.02232294
0.0181789
0.02127721
0.02632229
0.01896471
0.01939746
0.02551733
0.02468491
0.02042178
0.0225228
0.0243597
0.02336215
0.02020247
0.01615123
0.01911963
0.02115729
0.01677223
0.01816025
0.0186241
0.01935015
0.02128189
0.01725825
0.01922735
0.02184045
0.01697577
0.0158311
0.01698248
0.02241313
0.02050549
0.01819209
0.01662462
0.0152773
0.0214922
0.02145416
0.02141839
0.01931623
0.02423774
0.02289303
0.02089354
0.01708038
0.01765612
0.01583885
0.02182426
0.01678828
0.01908992
0.02086152
0.02308823
0.02198511
0.01983776
0.0188353
0.01901075
0.02201187
0.02157129
0.01880002
0.02006608
0.01907295
0.01931981
0.01961858
0.02071216
0.01938872
0.01626176
0.02022709
0.02057882
0.02244423
0.01944934
0.01901816
0.01620445
0.01518
0.01840609
0.01659007
0.02035927
0.0215367
0.02083997
0.0165642
0.01864758
0.01866793
0.01683137
0.02075521
0.01907952
0.01717696
0.02343138
0.01579359
0.01903708
0.02475434
0.02130585
0.02091974
0.02025546
0.01980663
0.01991839
0.02264647
0.01846605
0.01845777
0.02194188
0.0211386
0.02293729
0.02128421
0.0214051
0.02160815
0.02042519
0.01925136
0.02357241
0.02035135
0.02200096
0.02172932
0.01955651
0.02239004
0.01834523
0.01892186
0.01907107
0.02061886
0.02108307
0.02456478
0.02298872
0.01770066
0.02153011
0.02055361
0.01988232
0.01930054
0.01844038
0.02185206
0.02289282
0.02204325
0.01914644
0.02018831
0.02178658
0.02492946
0.02428491
0.02048654
0.02536511
0.01957791
0.01802583
0.01891268
0.01856119
0.01976883
0.01915556
0.02040908
0.01847321
0.02043644
0.02003031
0.02034514
0.02183467
0.02465124
0.0190953
0.0251805
0.02237291
0.02272116
0.02167361
0.02067109
0.01861248
0.01897554
0.02133857
0.01922627
0.01966713
0.0194345
0.01714007
0.01630403
0.01751999
0.0223124
0.0190749
0.02323269
0.02188172
0.01948033
0.02316321
0.02141597
0.02288416
0.0207583
0.0181252
0.01996396
0.01923702
0.02290953
0.02114207
0.02050316
0.02207989
0.02087203
0.02130827
0.01667965
0.01809217
0.02046798
0.02429431
0.01844228
0.01816618
0.02059053
0.02084166
0.01647601
0.01545235
0.0182243
0.02176004
0.02040089
0.02008117
0.02238338
0.02375822
0.02099972
0.0185944
0.01840428
0.02442294
0.02012215
0.01998179
0.01946428
0.01755394
0.01964372
0.01718347
0.01843229
0.01924622
0.01723935
0.01889682
0.01625828
0.0222002
0.02139286
0.02194297
0.02414802
0.02538655
0.02039001
0.01982168
0.01928517
0.02369659
0.0233303
0.02094438
0.02076062
0.0219319
0.02224855
0.0213743
0.01827903
0.02098629
0.02313295
0.02395866
0.0198908
0.01873551
0.02238735
0.02252152
0.01921718
0.01865469
0.02304666
0.01766811
0.01860845
0.01671264
0.01785387
0.01832812
0.0207417
0.0248261
0.02468653
0.01728105
0.02105804
0.02204023
0.02116984
0.0201204
0.02295469
0.02084006
0.01640314
0.01929451
0.01958954
0.01622365
0.01960023
0.02050502
0.02025715
0.02610294
0.0222627
0.02204856
0.02009866
0.02418034
0.02345363
0.02206375
0.0180509
0.01719749
0.01638199
0.01550831
0.02423233
0.02138919
0.01621426
0.01692118
0.01834588
0.02082154
0.02111397
0.01524383
0.02173693
0.01785274
0.01941393
0.02670756
0.02456729
0.01509626
0.01654479
0.01821937
0.0192177
0.02347318
0.02342829
0.02102966
0.02310818
0.01785842
0.01760754
0.02222821
0.01833632
0.0226577
0.01997873
0.0202393
0.02462624
0.01871062
0.02163755
0.0232518
0.02237032
0.02263621
0.01797001
0.021302
0.01996679
0.02499716
0.02207034
0.01857266
0.02001717
0.02375754
0.02026703
0.0160261
0.01891985
0.01832822
0.02366713
0.02266702
0.01904379
0.02011133
0.01606784
0.01750455
0.01703712
0.01573685
0.01753772
0.02059487
0.01702533
0.02007842
0.0197443
0.01594077
0.01907903
0.02014745
0.01643482
0.01882503
0.01929931
0.01853043
0.02024138
0.02068006
0.02040686
0.0193151
0.01739832
0.01764674
0.01915974
0.02473025
0.02260527
0.02100002
0.02417704
0.02320853
0.01810343
0.01939547
0.01826225
0.01938514
0.01703768
0.01758743
0.01905627
0.0179284
0.01695831
0.01843145
0.01825678
0.01740405
0.01623929
0.01597381
0.01597252
0.01575818
0.02046187
0.02151023
0.01985468
0.01866672
0.01748053
0.01902447
0.02050511
0.0208722
0.02367621
0.02287259
0.0179672
0.017285
0.02029697
0.0198265
0.01830525
0.01929837
0.01737303
0.01916042
0.02345299
0.02307114
0.01876939
0.01885813
0.01740912
0.01805869
0.02064204
0.01855189
0.02037497
0.01945858
0.01790683
0.01929187
0.02160005
0.0159037
0.01795186
0.01877754
0.01516655
0.01625428
0.01909567
0.01670087
0.01637679
0.01873984
0.019413
0.01791617
